 f_elem = tri_file_octdec_3.1.ele
 f_face = tri_file_octdec_3.1.face
 f_node = tri_file_octdec_3.1.node
 rho =    3300.0000000000000       kg m^-3
 r =    500000.00000000000        0.0000000000000000        0.0000000000000000       [unit]
 unit =    1000.0000000000000       m
 P =   0.22438676416666703       day
 Tmin =    2444502.7691400000       JD
 pole_l =    73.430800000000005       deg
 pole_b =    20.880800000000001       deg
 phi0 =    0.0000000000000000       deg
 maxl =           10

 nelems =        24099
 nfaces =         7174
 nnodes =         5650
 V =    888275847204941.88       m^3
 R =    59632.966562417751       m =    59.632966562417749       [unit]; volume-equivalent
 2R =    119265.93312483550       m =    119.26593312483550       [unit]
 M =    2.9313102957763082E+018  kg =    1.4741982214265003E-012  M_S
 vkepl =    57.278356893502675       m s^-1
 vesc =    81.003829149237944       m s^-1

 S =    59878162126.100525       m^2
 R_ =    69028.637121222419       m =    1.1575583288979969       R; surface-equivalent

 T(1) =    57.772041066486480     
 T(2) =    44.641527727388087     
 T(3) =   -768.37815723918118     

 shifted to c.o.m.

 T(1) =   -1.7324573271268368E-011
 T(2) =    7.8804349144764812E-013
 T(3) =    5.5627427173081304E-013

 A =    1.8153170901867123E+027  kg m^2
 B =    1.6789931660568177E+028  kg m^2
 C =    1.7277032145059891E+028  kg m^2
 D = Iyz =    6.9440783973971761E+024  kg m^2
 E = Ixz =   -1.0230647976057016E+026  kg m^2
 F = Ixy =   -2.3890671423880986E+026  kg m^2

 I(1) =    1.8153170901867123E+027  -2.3890671423880986E+026  -1.0230647976057016E+026
 I(2) =   -2.3890671423880986E+026   1.6789931660568177E+028   6.9440783973971761E+024
 I(3) =   -1.0230647976057016E+026   6.9440783973971761E+024   1.7277032145059891E+028
 omega =    0.0000000000000000        0.0000000000000000        3.2409243226313864E-004
 L =   -3.3156755861882748E+022   2.2505232576383686E+021   5.5993553701808919E+024
 alpha =    90.339274736133717       deg
 beta  =    89.976971774741173       deg
 gamma =   0.34005537509817246       deg

 elambda =    1.8108314096110572E+027   1.6793590364424647E+028   1.7277859121779075E+028
 evector(1) =   0.99985106072550989       -1.5824762841142467E-002  -6.8871799086791642E-003
 evector(2) =    1.5943898512721912E-002  0.99971795073041725        1.7601451292177512E-002
 evector(3) =    6.6066985922578073E-003  -1.7708638242294919E-002  0.99982136187686776     
 A \times v = lambda v:
   1.8150467181763304E+027   2.8825834785515196E+025   1.1963617324693563E+025
   1.8105617056946858E+027   2.8871712218487857E+025   1.1963617324693593E+025
  -2.8726962433677554E+025   1.6788976714700955E+028  -2.9739161655288574E+026
  -2.6575458476831535E+026   1.6788853744528690E+028  -2.9739161655288577E+026
  -1.2502415391415847E+025   2.9717255784483393E+026   1.7274772637453819E+028
  -1.1899572420850588E+026   3.0411539576509933E+026   1.7274772637453817E+028
 evector_(1) =   0.99985106072550989       -1.5824762841142467E-002  -6.8871799086791642E-003
 evector_(2) =    1.5943898512721912E-002  0.99971795073041725        1.7601451292177512E-002
 evector_(3) =    6.6066985922578073E-003  -1.7708638242294919E-002  0.99982136187686776     
 alpha =   0.98888920873467456       deg
 beta  =    1.3608502209992874       deg
 gamma =    1.0830067642695944       deg
 phi0 =   0.98888920873467456       deg

 rotated to m.o.i. (about 3 axes), wo. density profile

 elambda_ =    1.8108284804331257E+027   1.6793683936776555E+028   1.7277768478605006E+028
 evector_(1) =   0.99999995676037445       -1.1864798596837767E-004   2.6907602024815237E-004
 evector_(2) =    1.2042956944240214E-004  0.99997800879650034       -6.6307933239602669E-003
 evector_(3) =   -2.6828337266937379E-004   6.6308254419565121E-003  0.99997797984655157     
 alpha =    1.6849173174964486E-002  deg
 beta  =   0.37998191297997219       deg
 gamma =   0.38023194202682115       deg

 again to verify

 elambda_ =    1.8108284800181357E+027   1.6793683950036150E+028   1.7277768465760450E+028
 evector_(1) =   0.99999999999792577       -1.8915582986282657E-006  -7.5520942671304322E-007
 evector_(2) =    1.8915598340268567E-006  0.99999999999614431        2.0330810322861412E-006
 evector_(3) =    7.5520558101883304E-007  -2.0330824608057422E-006  0.99999999999764810     
 alpha =    1.1669870911656267E-004  deg
 beta  =    1.5910685242383207E-004  deg
 gamma =    1.2426440051960513E-004  deg

 again to verify

 elambda_ =    1.8108284800181291E+027   1.6793683950036227E+028   1.7277768465760469E+028
 evector_(1) =    1.0000000000000000       -1.6345923613564577E-012   3.6049703213812625E-012
 evector_(2) =    1.6345923616803872E-012   1.0000000000000000       -8.9856367417460817E-011
 evector_(3) =   -3.6049703212343838E-012   8.9856367417466711E-011   1.0000000000000000     
 alpha =    0.0000000000000000       deg
 beta  =    0.0000000000000000       deg
 gamma =    0.0000000000000000       deg

 again to verify

 C10 = z0/R =    9.3283011695982192E-018
 Clm(1,0) =    9.8594635060400559E-018
  0.94612664917148492       (may be invalid, if C10 << 1!)

 C11 = x0/R =   -2.9052006415167621E-016
 Clm(1,1) =   -1.1397675338253865E-016
   2.5489413896236157     

 S11 = y0/R =    1.3214896673349363E-017
 Slm(1,1) =    5.1286150890353377E-017
  0.25766988639100635     

 C20 =  -0.76511015036347529     
 Clm(2,0) =  -0.76511015036348007     
  0.99999999999998757     

 C21 =    5.3489861225470694E-012
 Clm(2,1) =    9.9331553724511801E-018
   538498.18330457795     

 S21 =   -4.1728754848156871E-012
 Slm(2,1) =    9.9380258118978923E-018
  -419889.78131047753     

 C22 =   0.35933537687456302     
 Clm(2,2) =   0.35933537687455896     
   1.0000000000000113     

 S22 =   -1.1747337246489294E-012
 Slm(2,2) =   -1.1656867420113681E-017
   100776.10753485546     

 J2 = -C20 =   0.76511015036347529     

 Clm(           0 ,           0 ) =    1.0000000000000011     

 Clm(           1 ,           0 ) =    9.8594635060400559E-018
 Clm(           1 ,           1 ) =   -1.1397675338253865E-016
 Slm(           1 ,           1 ) =    5.1286150890353377E-017

 Clm(           2 ,           0 ) =  -0.76511015036348007     
 Clm(           2 ,           1 ) =    9.9331553724511801E-018
 Slm(           2 ,           1 ) =    9.9380258118978923E-018
 Clm(           2 ,           2 ) =   0.35933537687455896     
 Slm(           2 ,           2 ) =   -1.1656867420113681E-017

 Clm(           3 ,           0 ) =    1.5050508950529944E-002
 Clm(           3 ,           1 ) =   -5.2402994916682828E-002
 Slm(           3 ,           1 ) =    4.6054068587843522E-004
 Clm(           3 ,           2 ) =   -1.5093387925822824E-003
 Slm(           3 ,           2 ) =    2.4643470491593268E-003
 Clm(           3 ,           3 ) =    1.1796424463519431E-002
 Slm(           3 ,           3 ) =   -3.3348380444609885E-004

 Clm(           4 ,           0 ) =    1.3092215156958074     
 Clm(           4 ,           1 ) =   -1.3565685377899627E-002
 Slm(           4 ,           1 ) =    3.6892272684133185E-004
 Clm(           4 ,           2 ) =  -0.13957089380058765     
 Slm(           4 ,           2 ) =   -1.7314878136993519E-003
 Clm(           4 ,           3 ) =    3.1914714696929468E-004
 Slm(           4 ,           3 ) =   -1.5763604710042875E-005
 Clm(           4 ,           4 ) =    1.5390495482263676E-002
 Slm(           4 ,           4 ) =    5.8308874339325022E-004

 Clm(           5 ,           0 ) =   -3.0686416457711030E-002
 Clm(           5 ,           1 ) =   0.13928876613938870     
 Slm(           5 ,           1 ) =    9.7728852324397404E-005
 Clm(           5 ,           2 ) =    9.8875637990260040E-004
 Slm(           5 ,           2 ) =   -3.4615795397505730E-003
 Clm(           5 ,           3 ) =   -6.3139334343767254E-003
 Slm(           5 ,           3 ) =   -9.7257404688633703E-006
 Clm(           5 ,           4 ) =    7.4664254079382495E-005
 Slm(           5 ,           4 ) =    2.8552125223344968E-004
 Clm(           5 ,           5 ) =    7.0739940315175975E-004
 Slm(           5 ,           5 ) =    9.4461647039322595E-006

 Clm(           6 ,           0 ) =   -2.9269131948660578     
 Clm(           6 ,           1 ) =    4.8881791114336062E-002
 Slm(           6 ,           1 ) =   -2.7086218291812597E-003
 Clm(           6 ,           2 ) =   0.14178917492802484     
 Slm(           6 ,           2 ) =    2.2676559628649626E-003
 Clm(           6 ,           3 ) =   -8.8764460814465794E-004
 Slm(           6 ,           3 ) =    1.8194816050885073E-004
 Clm(           6 ,           4 ) =   -4.2943172969976476E-003
 Slm(           6 ,           4 ) =   -1.9344542964734707E-004
 Clm(           6 ,           5 ) =    1.2891380308444373E-005
 Slm(           6 ,           5 ) =   -7.7679040584980874E-006
 Clm(           6 ,           6 ) =    3.0402203480002911E-004
 Slm(           6 ,           6 ) =    3.1616280834660042E-005

 Clm(           7 ,           0 ) =    1.3107853155838755E-003
 Clm(           7 ,           1 ) =  -0.49490269545299664     
 Slm(           7 ,           1 ) =   -2.2259943581766192E-003
 Clm(           7 ,           2 ) =    1.3943375913421747E-003
 Slm(           7 ,           2 ) =    6.5729658292631946E-003
 Clm(           7 ,           3 ) =    7.5730037493400753E-003
 Slm(           7 ,           3 ) =    3.1279825976992921E-005
 Clm(           7 ,           4 ) =   -1.0492874455187542E-004
 Slm(           7 ,           4 ) =   -2.5502984705141077E-004
 Clm(           7 ,           5 ) =   -2.1542962086267301E-004
 Slm(           7 ,           5 ) =   -4.5028919824334027E-006
 Clm(           7 ,           6 ) =    5.6935076341586909E-006
 Slm(           7 ,           6 ) =    1.0111083054066368E-005
 Clm(           7 ,           7 ) =    1.5505645304467435E-005
 Slm(           7 ,           7 ) =    1.1224877933028136E-006

 Clm(           8 ,           0 ) =    7.6194384983880852     
 Clm(           8 ,           1 ) =  -0.16332499206185808     
 Slm(           8 ,           1 ) =    1.0252909011745978E-002
 Clm(           8 ,           2 ) =  -0.21223396582781900     
 Slm(           8 ,           2 ) =   -4.0141011063424955E-003
 Clm(           8 ,           3 ) =    1.9829903857434702E-003
 Slm(           8 ,           3 ) =   -4.0978293888889868E-004
 Clm(           8 ,           4 ) =    3.2752412135093611E-003
 Slm(           8 ,           4 ) =    1.6129418289062818E-004
 Clm(           8 ,           5 ) =   -2.3724857564807766E-005
 Slm(           8 ,           5 ) =    9.7130454094601429E-006
 Clm(           8 ,           6 ) =   -6.8466402824123523E-005
 Slm(           8 ,           6 ) =   -7.2158353505092202E-006
 Clm(           8 ,           7 ) =    3.5155610596828366E-007
 Slm(           8 ,           7 ) =   -2.4302523027120336E-007
 Clm(           8 ,           8 ) =    3.5549712871311558E-006
 Slm(           8 ,           8 ) =    7.4989821372233878E-007

 Clm(           9 ,           0 ) =   0.40549072745712472     
 Clm(           9 ,           1 ) =    1.0633010826979590     
 Slm(           9 ,           1 ) =    3.6359686677369936E-004
 Clm(           9 ,           2 ) =   -1.1263730532487793E-002
 Slm(           9 ,           2 ) =   -1.3970756341145149E-002
 Clm(           9 ,           3 ) =   -2.7525643347193301E-002
 Slm(           9 ,           3 ) =   -1.4907764058584437E-003
 Clm(           9 ,           4 ) =    2.0982988145070588E-004
 Slm(           9 ,           4 ) =    3.2349218915308776E-004
 Clm(           9 ,           5 ) =    1.7475222499126040E-004
 Slm(           9 ,           5 ) =    3.6583301772729215E-006
 Clm(           9 ,           6 ) =   -4.4281539021061138E-006
 Slm(           9 ,           6 ) =   -6.4906439975876329E-006
 Clm(           9 ,           7 ) =   -3.5240886726582495E-006
 Slm(           9 ,           7 ) =   -2.3113260930189953E-007
 Clm(           9 ,           8 ) =    1.2056666230665853E-007
 Slm(           9 ,           8 ) =    1.6523483379816782E-007
 Clm(           9 ,           9 ) =    1.8395865231485932E-007
 Slm(           9 ,           9 ) =    3.0374717978684755E-008

 Clm(          10 ,           0 ) =   -22.135337468952866     
 Clm(          10 ,           1 ) =   0.49687050655714410     
 Slm(          10 ,           1 ) =   -3.0854545433177179E-002
 Clm(          10 ,           2 ) =   0.40123523197742389     
 Slm(          10 ,           2 ) =    9.8464551891595409E-003
 Clm(          10 ,           3 ) =   -4.7227738161889918E-003
 Slm(          10 ,           3 ) =    8.5547017643274677E-004
 Clm(          10 ,           4 ) =   -3.8379334358404171E-003
 Slm(          10 ,           4 ) =   -2.2317665799422115E-004
 Clm(          10 ,           5 ) =    4.0942579988604149E-005
 Slm(          10 ,           5 ) =   -1.2517525403955918E-005
 Clm(          10 ,           6 ) =    4.3029076599861861E-005
 Slm(          10 ,           6 ) =    4.8262339204448378E-006
 Clm(          10 ,           7 ) =   -4.1599768197471641E-007
 Slm(          10 ,           7 ) =    1.6755870209157848E-007
 Clm(          10 ,           8 ) =   -6.8357086035975519E-007
 Slm(          10 ,           8 ) =   -1.3952292136325244E-007
 Clm(          10 ,           9 ) =    6.4261048284683309E-009
 Slm(          10 ,           9 ) =   -2.5194687676029355E-009
 Clm(          10 ,          10 ) =    2.8025942185563584E-008
 Slm(          10 ,          10 ) =    1.0271670984027928E-008

 U =   -391.28888614199627       J kg^-1 (point mass); cpu_time =    9.83476639E-07  s
 U =   -399.85940083356917       J kg^-1 (brute force); cpu_time =   0.130564004      s

 U =   -391.28888614199667       J kg^-1 (multipole,            0 ); cpu_time =    5.59985638E-05  s
 U =   -391.28888614199667       J kg^-1 (multipole,            1 ); cpu_time =    1.01000071E-04  s
 U =   -399.41812893441193       J kg^-1 (multipole,            2 ); cpu_time =    1.76012516E-04  s
 U =   -399.58776730394027       J kg^-1 (multipole,            3 ); cpu_time =    2.77996063E-04  s
 U =   -399.83745048474032       J kg^-1 (multipole,            4 ); cpu_time =    4.35024500E-04  s
 U =   -399.84935859906352       J kg^-1 (multipole,            5 ); cpu_time =    5.68985939E-04  s
 U =   -399.85832839776646       J kg^-1 (multipole,            6 ); cpu_time =    7.65025616E-04  s
 U =   -399.85902577018084       J kg^-1 (multipole,            7 ); cpu_time =    9.93996859E-04  s
 U =   -399.85938378429654       J kg^-1 (multipole,            8 ); cpu_time =    1.24999881E-03  s
 U =   -399.85942474610260       J kg^-1 (multipole,            9 ); cpu_time =    1.57600641E-03  s
 U =   -399.85944027308733       J kg^-1 (multipole,           10 ); cpu_time =    1.88100338E-03  s

 a_g =   -7.8257777228399252E-004  -0.0000000000000000       -0.0000000000000000       m s^-2 (point mass); cpu_time =    0.00000000      s
 a_g =   -8.3549377312418932E-004   2.9255121510928439E-008  -3.5908851033116271E-008  m s^-2 (brute force); cpu_time =   0.131207973      s

 a_g =   -7.8257777228399328E-004   0.0000000000000000       -4.7919068195572931E-020  m s^-2 (multipole,            0 ); cpu_time =    1.38998032E-04  s
 a_g =   -7.8257777228399328E-004   4.7867861366164317E-021  -4.6998836468179534E-020  m s^-2 (multipole,            1 ); cpu_time =    2.64048576E-04  s
 a_g =   -8.3135322903848453E-004   4.0082237176193303E-021  -4.9653753990120393E-020  m s^-2 (multipole,            2 ); cpu_time =    4.74035740E-04  s
 a_g =   -8.3271033599471183E-004  -2.0840565841579476E-008  -6.0029868779836076E-008  m s^-2 (multipole,            3 ); cpu_time =    7.96973705E-04  s
 a_g =   -8.3520716780271240E-004   2.2049172769274350E-008  -3.8613770643984357E-008  m s^-2 (multipole,            4 ); cpu_time =    1.15799904E-03  s
 a_g =   -8.3535006517458947E-004   2.2924443062348388E-008  -3.9348177237476767E-008  m s^-2 (multipole,            5 ); cpu_time =    1.63501501E-03  s
 a_g =   -8.3547564235643130E-004   2.8323304809543265E-008  -3.6656699566638951E-008  m s^-2 (multipole,            6 ); cpu_time =    2.24399567E-03  s
 a_g =   -8.3548680031506159E-004   2.8644250877943683E-008  -3.6260052101432710E-008  m s^-2 (multipole,            7 ); cpu_time =    2.91395187E-03  s
 a_g =   -8.3549324456914443E-004   2.9159485106122487E-008  -3.6000299917862197E-008  m s^-2 (multipole,            8 ); cpu_time =    3.69900465E-03  s
 a_g =   -8.3549406380526445E-004   2.9206630171035340E-008  -3.5940599886886461E-008  m s^-2 (multipole,            9 ); cpu_time =    4.66102362E-03  s
 a_g =   -8.3549440539892981E-004   2.9250773582031019E-008  -3.5918499912663523E-008  m s^-2 (multipole,           10 ); cpu_time =    5.73998690E-03  s

