 f_elem = Kleopatra_LP_ESO_MPCD_v1-pai.1.ele
 f_face = Kleopatra_LP_ESO_MPCD_v1-pai.1.face
 f_node = Kleopatra_LP_ESO_MPCD_v1-pai.1.node
 rho =    3300.0000000000000       kg m^-3
 r =    500000.00000000000        0.0000000000000000        0.0000000000000000       [unit]
 unit =    1000.0000000000000       m
 P =   0.22438676416666703       day
 Tmin =    2444502.7691400000       JD
 pole_l =    73.430800000000005       deg
 pole_b =    20.880800000000001       deg
 phi0 =    0.0000000000000000       deg
 maxl =           10

 nelems =        10056
 nfaces =         3168
 nnodes =         2448
 V =    824891769013658.00       m^3
 R =    58179.428871736782       m =    58.179428871736782       [unit]; volume-equivalent
 2R =    116358.85774347356       m =    116.35885774347356       [unit]
 M =    2.7221428377450716E+018  kg =    1.3690048902891399E-012  M_S
 vkepl =    55.882212186902535       m s^-1
 vesc =    79.029382370128630       m s^-1

 S =    57424703845.126999       m^2
 R_ =    67599.650415294789       m =    1.1619167070946324       R; surface-equivalent

 T(1) =    9.0507451223293561E-004
 T(2) =   -1.2732201326138282E-004
 T(3) =    6.0753881446102902E-004

 shifted to c.o.m.

 T(1) =   -7.1100236665143533E-012
 T(2) =    8.5757462563344737E-013
 T(3) =    7.3503961098436030E-013

 A =    1.6045515498133200E+027  kg m^2
 B =    1.5710100647118921E+028  kg m^2
 C =    1.6138044669661027E+028  kg m^2
 D = Iyz =   -1.1146083088048677E+023  kg m^2
 E = Ixz =    6.9867327641554426E+022  kg m^2
 F = Ixy =   -8.1528504717643121E+022  kg m^2

 I(1) =    1.6045515498133200E+027  -8.1528504717643121E+022   6.9867327641554426E+022
 I(2) =   -8.1528504717643121E+022   1.5710100647118921E+028  -1.1146083088048677E+023
 I(3) =    6.9867327641554426E+022  -1.1146083088048677E+023   1.6138044669661027E+028
 omega =    0.0000000000000000        0.0000000000000000        3.2409243226313864E-004
 L =    2.2643472151076991E+019  -3.6123611782127313E+019   5.2302181489616219E+024
 alpha =    89.999751946218922       deg
 beta  =    90.000395725462468       deg
 gamma =    4.6704305895099106E-004  deg

 elambda =    1.6045515490062251E+027   1.5710100618559234E+028   1.6138044699027811E+028
 evector(1) =   0.99999999997174172       -5.7785984852689952E-006   4.8087929901172325E-006
 evector(2) =    5.7798507753208224E-006  0.99999996606425290       -2.6045745619099233E-004
 evector(3) =   -4.8072877478654274E-006   2.6045748397773811E-004  0.99999996606939401     
 A \times v = lambda v:
   1.6045515497679780E+027   9.2735326902791784E+021  -7.7135410023561188E+021
   1.6045515489608832E+027   9.2740685145658570E+021  -7.7135410023561188E+021
  -9.2720591552872689E+021   1.5710100114456040E+028   4.0918132801470448E+024
  -9.0782363637829887E+022   1.5710100085425232E+028   4.0918132801470453E+024
   7.7159562450240348E+021  -4.0918132431067588E+024   1.6138044151454173E+028
   7.7604516222883500E+022  -4.2032740702053123E+024   1.6138044151454175E+028
 evector_(1) =   0.99999999997174172       -5.7785984852689952E-006   4.8087929901172325E-006
 evector_(2) =    5.7798507753208224E-006  0.99999996606425290       -2.6045745619099233E-004
 evector_(3) =   -4.8072877478654274E-006   2.6045748397773811E-004  0.99999996606939401     
 alpha =    4.3073536221124685E-004  deg
 beta  =    1.4926787109533842E-002  deg
 gamma =    1.4925656396870140E-002  deg
 phi0 =    4.3073536221124685E-004  deg

 rotated to m.o.i. (about 3 axes), wo. density profile

 elambda_ =    1.6045515490062061E+027   1.5710100618559599E+028   1.6138044699027450E+028
 evector_(1) =    1.0000000000000000       -1.3278952941511921E-009  -1.4169334721077585E-009
 evector_(2) =    1.3278952967859627E-009   1.0000000000000000        1.8594879645013789E-009
 evector_(3) =    1.4169334696385532E-009  -1.8594879663829183E-009   1.0000000000000000     
 alpha =    0.0000000000000000       deg
 beta  =    0.0000000000000000       deg
 gamma =    0.0000000000000000       deg

 again to verify

 elambda_ =    1.6045515490062147E+027   1.5710100618559562E+028   1.6138044699027432E+028
 evector_(1) =    1.0000000000000000       -3.2580879888750923E-018   2.8966245874577337E-018
 evector_(2) =    3.2580879888750927E-018   1.0000000000000000       -1.4965376581440594E-016
 evector_(3) =   -2.8966245874577334E-018   1.4965376581440594E-016   1.0000000000000000     
 alpha =    0.0000000000000000       deg
 beta  =    0.0000000000000000       deg
 gamma =    0.0000000000000000       deg

 again to verify

 elambda_ =    1.6045515490062149E+027   1.5710100618559562E+028   1.6138044699027432E+028
 evector_(1) =    1.0000000000000000       -3.5168185056387029E-018  -6.3443007299222753E-018
 evector_(2) =    3.5168185056387029E-018   1.0000000000000000        3.1679204407216554E-018
 evector_(3) =    6.3443007299222753E-018  -3.1679204407216554E-018   1.0000000000000000     
 alpha =    0.0000000000000000       deg
 beta  =    0.0000000000000000       deg
 gamma =    0.0000000000000000       deg

 again to verify

 C10 = z0/R =    1.2634012145510046E-017
 Clm(1,0) =   -9.8649692201972089E-018
  -1.2806945326949011       (may be invalid, if C10 << 1!)

 C11 = x0/R =   -1.2220855041717951E-016
 Clm(1,1) =   -5.1499603193061461E-018
   23.729998454365695     

 S11 = y0/R =    1.4740169201799299E-017
 Slm(1,1) =   -2.2861419246393566E-017
 -0.64476177278996316     

 C20 =  -0.81188310128089758     
 Clm(2,0) =  -0.81188310128089514     
   1.0000000000000062     

 C21 =   -1.0007001251570607E-017
 Clm(2,1) =    6.2256921623191075E-018
  -1.6073716770221642     

 S21 =    1.4713346824798369E-019
 Slm(2,1) =   -5.4151875109151489E-019
 -0.27170521418032784     

 C22 =   0.38271914480653418     
 Clm(2,2) =   0.38271914480653474     
  0.99999999999999856     

 S22 =   -2.6919075418356763E-018
 Slm(2,2) =    7.1396407124064976E-018
 -0.37703683564327961     

 J2 = -C20 =   0.81188310128089758     

 Clm(           0 ,           0 ) =   0.99999999999999667     

 Clm(           1 ,           0 ) =   -9.8649692201972089E-018
 Clm(           1 ,           1 ) =   -5.1499603193061461E-018
 Slm(           1 ,           1 ) =   -2.2861419246393566E-017

 Clm(           2 ,           0 ) =  -0.81188310128089514     
 Clm(           2 ,           1 ) =    6.2256921623191075E-018
 Slm(           2 ,           1 ) =   -5.4151875109151489E-019
 Clm(           2 ,           2 ) =   0.38271914480653474     
 Slm(           2 ,           2 ) =    7.1396407124064976E-018

 Clm(           3 ,           0 ) =   -3.8763813246296894E-002
 Clm(           3 ,           1 ) =   -4.7278872123402094E-002
 Slm(           3 ,           1 ) =   -1.1123546338461414E-003
 Clm(           3 ,           2 ) =    6.2323488513698318E-003
 Slm(           3 ,           2 ) =    1.4503868755705309E-003
 Clm(           3 ,           3 ) =    1.1501818353600412E-002
 Slm(           3 ,           3 ) =   -3.9209693862000782E-004

 Clm(           4 ,           0 ) =    1.4359515294536269     
 Clm(           4 ,           1 ) =   -2.2710424643614394E-002
 Slm(           4 ,           1 ) =    1.2621105935071422E-003
 Clm(           4 ,           2 ) =  -0.15302908672136736     
 Slm(           4 ,           2 ) =   -1.0869062318207981E-003
 Clm(           4 ,           3 ) =    1.0182723458585913E-003
 Slm(           4 ,           3 ) =   -2.0112155876611667E-004
 Clm(           4 ,           4 ) =    1.6885275508374549E-002
 Slm(           4 ,           4 ) =    6.2180341789332594E-004

 Clm(           5 ,           0 ) =   0.16223598591451613     
 Clm(           5 ,           1 ) =   0.13061260010021100     
 Slm(           5 ,           1 ) =    2.7631311871992473E-003
 Clm(           5 ,           2 ) =   -1.0962452992232830E-002
 Slm(           5 ,           2 ) =   -3.1015342682341233E-003
 Clm(           5 ,           3 ) =   -6.1488823440008396E-003
 Slm(           5 ,           3 ) =   -1.6777771226172302E-004
 Clm(           5 ,           4 ) =    4.6591173572856662E-004
 Slm(           5 ,           4 ) =    2.7183598957690084E-004
 Clm(           5 ,           5 ) =    7.3069100307020490E-004
 Slm(           5 ,           5 ) =   -1.8340550234973040E-005

 Clm(           6 ,           0 ) =   -3.2676524546263623     
 Clm(           6 ,           1 ) =    7.7464802159941143E-002
 Slm(           6 ,           1 ) =   -4.4605186003691972E-003
 Clm(           6 ,           2 ) =   0.15789949441680806     
 Slm(           6 ,           2 ) =    1.5789900664398089E-003
 Clm(           6 ,           3 ) =   -1.7041180431668899E-003
 Slm(           6 ,           3 ) =    3.2901712863565218E-004
 Clm(           6 ,           4 ) =   -4.7529370913717509E-003
 Slm(           6 ,           4 ) =   -1.9423611741467824E-004
 Clm(           6 ,           5 ) =    4.5533810549127314E-005
 Slm(           6 ,           5 ) =   -1.7339503580684684E-005
 Clm(           6 ,           6 ) =    3.3402165477121955E-004
 Slm(           6 ,           6 ) =    3.9733879782909306E-005

 Clm(           7 ,           0 ) =  -0.61283478399752644     
 Clm(           7 ,           1 ) =  -0.48660130859551515     
 Slm(           7 ,           1 ) =    2.2669807754644507E-004
 Clm(           7 ,           2 ) =    2.2337801274162027E-002
 Slm(           7 ,           2 ) =    7.0314953075040496E-003
 Clm(           7 ,           3 ) =    7.4218942472878422E-003
 Slm(           7 ,           3 ) =    1.9072236138005421E-004
 Clm(           7 ,           4 ) =   -4.6523095801371747E-004
 Slm(           7 ,           4 ) =   -2.7739095613800484E-004
 Clm(           7 ,           5 ) =   -2.1860011684202455E-004
 Slm(           7 ,           5 ) =   -3.7732769089151713E-006
 Clm(           7 ,           6 ) =    1.3108179487631689E-005
 Slm(           7 ,           6 ) =    1.1342209950368300E-005
 Clm(           7 ,           7 ) =    1.6460279252533788E-005
 Slm(           7 ,           7 ) =    1.4144513208122724E-008

 Clm(           8 ,           0 ) =    8.5338702825267170     
 Clm(           8 ,           1 ) =  -0.22545104723329790     
 Slm(           8 ,           1 ) =    1.3332161603222911E-002
 Clm(           8 ,           2 ) =  -0.23683399192781646     
 Slm(           8 ,           2 ) =   -3.1748535583609521E-003
 Clm(           8 ,           3 ) =    2.9241044492175142E-003
 Slm(           8 ,           3 ) =   -5.5303842987965135E-004
 Clm(           8 ,           4 ) =    3.6187232198532948E-003
 Slm(           8 ,           4 ) =    1.6255932194298394E-004
 Clm(           8 ,           5 ) =   -4.1198571119213493E-005
 Slm(           8 ,           5 ) =    1.4301320223233153E-005
 Clm(           8 ,           6 ) =   -7.4568522237288389E-005
 Slm(           8 ,           6 ) =   -8.6873828456215803E-006
 Clm(           8 ,           7 ) =    8.2766179467825849E-007
 Slm(           8 ,           7 ) =   -4.1799091819828601E-007
 Clm(           8 ,           8 ) =    3.7931097907860583E-006
 Slm(           8 ,           8 ) =    9.8846115712389970E-007

 Clm(           9 ,           0 ) =    2.2853006771583275     
 Clm(           9 ,           1 ) =    1.0190262669205910     
 Slm(           9 ,           1 ) =    3.1931170628112463E-003
 Clm(           9 ,           2 ) =   -5.0585213762778990E-002
 Slm(           9 ,           2 ) =   -1.6408526635231829E-002
 Clm(           9 ,           3 ) =   -2.9825128196650307E-002
 Slm(           9 ,           3 ) =   -3.8844358529268030E-004
 Clm(           9 ,           4 ) =    6.4384678140642167E-004
 Slm(           9 ,           4 ) =    3.8056671948812179E-004
 Clm(           9 ,           5 ) =    1.7496233998021577E-004
 Slm(           9 ,           5 ) =    1.8145481632636846E-006
 Clm(           9 ,           6 ) =   -9.4626159460927229E-006
 Slm(           9 ,           6 ) =   -7.6557398389916063E-006
 Clm(           9 ,           7 ) =   -3.6171942585932479E-006
 Slm(           9 ,           7 ) =   -7.5101551170042915E-008
 Clm(           9 ,           8 ) =    1.9184418482304456E-007
 Slm(           9 ,           8 ) =    1.9671986245485095E-007
 Clm(           9 ,           9 ) =    1.9618360079605579E-007
 Slm(           9 ,           9 ) =    1.1254628590607169E-008

 Clm(          10 ,           0 ) =   -24.485524023935231     
 Clm(          10 ,           1 ) =   0.52650118769744225     
 Slm(          10 ,           1 ) =   -3.4011802201707249E-002
 Clm(          10 ,           2 ) =   0.44205238836577854     
 Slm(          10 ,           2 ) =    8.3329485280914592E-003
 Clm(          10 ,           3 ) =   -5.3939641668792164E-003
 Slm(          10 ,           3 ) =    1.0071919667841234E-003
 Clm(          10 ,           4 ) =   -4.1801817118277381E-003
 Slm(          10 ,           4 ) =   -2.2208933273743176E-004
 Clm(          10 ,           5 ) =    4.8220217922999215E-005
 Slm(          10 ,           5 ) =   -1.5587999874132981E-005
 Clm(          10 ,           6 ) =    4.6034178432683417E-005
 Slm(          10 ,           6 ) =    5.5718638784489694E-006
 Clm(          10 ,           7 ) =   -5.2578140247880961E-007
 Slm(          10 ,           7 ) =    2.3419997437872458E-007
 Clm(          10 ,           8 ) =   -7.1274856556770388E-007
 Slm(          10 ,           8 ) =   -1.7686813842070588E-007
 Clm(          10 ,           9 ) =    9.1385485183762921E-009
 Slm(          10 ,           9 ) =   -4.3552755263257187E-009
 Clm(          10 ,          10 ) =    2.8035941658179422E-008
 Slm(          10 ,          10 ) =    1.3410691026226278E-008

 U =   -363.36795883923861       J kg^-1 (point mass); cpu_time =    2.01165676E-06  s
 U =   -371.40212474427938       J kg^-1 (brute force); cpu_time =    5.46279997E-02  s

 U =   -363.36795883923742       J kg^-1 (multipole,            0 ); cpu_time =    7.10040331E-05  s
 U =   -363.36795883923742       J kg^-1 (multipole,            1 ); cpu_time =    1.01000071E-04  s
 U =   -371.01378121868163       J kg^-1 (multipole,            2 ); cpu_time =    1.78009272E-04  s
 U =   -371.15314402314232       J kg^-1 (multipole,            3 ); cpu_time =    2.81006098E-04  s
 U =   -371.38356091348493       J kg^-1 (multipole,            4 ); cpu_time =    4.13000584E-04  s
 U =   -371.39331304952532       J kg^-1 (multipole,            5 ); cpu_time =    5.73992729E-04  s
 U =   -371.40125985686450       J kg^-1 (multipole,            6 ); cpu_time =    7.71999359E-04  s
 U =   -371.40181621794392       J kg^-1 (multipole,            7 ); cpu_time =    1.00100040E-03  s
 U =   -371.40211446988803       J kg^-1 (multipole,            8 ); cpu_time =    1.26300752E-03  s
 U =   -371.40214622349055       J kg^-1 (multipole,            9 ); cpu_time =    1.56301260E-03  s
 U =   -371.40215813707982       J kg^-1 (multipole,           10 ); cpu_time =    1.96300447E-03  s

 a_g =   -7.2673591767847710E-004  -0.0000000000000000       -0.0000000000000000       m s^-2 (point mass); cpu_time =    0.00000000      s
 a_g =   -7.7627283229543737E-004   2.3624913733975542E-008   2.3732184704636276E-007  m s^-2 (brute force); cpu_time =    5.44049889E-02  s

 a_g =   -7.2673591767847482E-004   0.0000000000000000       -4.4499740770517930E-020  m s^-2 (multipole,            0 ); cpu_time =    1.33991241E-04  s
 a_g =   -7.2673591767847482E-004  -1.9332110209968133E-021  -4.5333943888563108E-020  m s^-2 (multipole,            1 ); cpu_time =    2.60978937E-04  s
 a_g =   -7.7261085195514040E-004  -1.5117056322290602E-021  -4.7959199310500185E-020  m s^-2 (multipole,            2 ); cpu_time =    4.70012426E-04  s
 a_g =   -7.7372575439082494E-004  -1.8291040490376282E-008   1.7360524270000177E-007  m s^-2 (multipole,            3 ); cpu_time =    7.68989325E-04  s
 a_g =   -7.7602992329425173E-004   1.8672742733365869E-008   2.1054048349700551E-007  m s^-2 (multipole,            4 ); cpu_time =    1.15600228E-03  s
 a_g =   -7.7614694892673539E-004   1.7819334657585760E-008   2.3100259203286411E-007  m s^-2 (multipole,            5 ); cpu_time =    1.63298845E-03  s
 a_g =   -7.7625820422948515E-004   2.3026286045337659E-008   2.3514261185621589E-007  m s^-2 (multipole,            6 ); cpu_time =    2.23898888E-03  s
 a_g =   -7.7626710600675467E-004   2.3063755922728548E-008   2.3685705291399629E-007  m s^-2 (multipole,            7 ); cpu_time =    2.93800235E-03  s
 a_g =   -7.7627247454174840E-004   2.3564907050389037E-008   2.3716719248128828E-007  m s^-2 (multipole,            8 ); cpu_time =    3.72502208E-03  s
 a_g =   -7.7627310961379922E-004   2.3577514765072976E-008   2.3729124769723406E-007  m s^-2 (multipole,            9 ); cpu_time =    4.66600060E-03  s
 a_g =   -7.7627337171276144E-004   2.3618385225570043E-008   2.3730999517822588E-007  m s^-2 (multipole,           10 ); cpu_time =    5.65999746E-03  s

