 f_elem = tri_file_octdec_3.1.ele
 f_face = tri_file_octdec_3.1.face
 f_node = tri_file_octdec_3.1.node
 rho =    5223.6025718815536       kg m^-3
 r =    500000.00000000000        0.0000000000000000        0.0000000000000000       [unit]
 unit =    1000.0000000000000       m
 P =   0.22438676416666703       day
 Tmin =    2444502.7691400000       JD
 pole_l =    73.430800000000005       deg
 pole_b =    20.880800000000001       deg
 phi0 =    0.0000000000000000       deg
 maxl =           10

 nelems =        24099
 nfaces =         7174
 nnodes =         5650
 V =    888275847204941.88       m^3
 R =    59632.966562417751       m =    59.632966562417749       [unit]; volume-equivalent
 2R =    119265.93312483550       m =    119.26593312483550       [unit]
 M =    4.6400000000000000E+018  kg =    2.3335229154262661E-012  M_S
 vkepl =    72.064046500761819       m s^-1
 vesc =    101.91395192086276       m s^-1

 S =    59878162126.100525       m^2
 R_ =    69028.637121222419       m =    1.1575583288979969       R; surface-equivalent

 T(1) =    57.772041066486480     
 T(2) =    44.641527727388095     
 T(3) =   -768.37815723918129     

 shifted to c.o.m.

 T(1) =   -1.7324573271268368E-011
 T(2) =    7.8804349144764822E-013
 T(3) =    7.0051437507614152E-013

 A =    2.8734833397211663E+027  kg m^2
 B =    2.6576948546624078E+028  kg m^2
 C =    2.7347984711337913E+028  kg m^2
 D = Iyz =    1.0991850235148790E+025  kg m^2
 E = Ixz =   -1.6194193660529159E+026  kg m^2
 F = Ixy =   -3.7816779604170262E+026  kg m^2

 I(1) =    2.8734833397211663E+027  -3.7816779604170262E+026  -1.6194193660529159E+026
 I(2) =   -3.7816779604170262E+026   2.6576948546624078E+028   1.0991850235148790E+025
 I(3) =   -1.6194193660529159E+026   1.0991850235148790E+025   2.7347984711337913E+028
 omega =    0.0000000000000000        0.0000000000000000        3.2409243226313864E-004
 L =   -5.2484156119811954E+022   3.5623754777815239E+021   8.8632748825926340E+024
 alpha =    90.339274736133717       deg
 beta  =    89.976971774741173       deg
 gamma =   0.34005537509817246       deg

 elambda =    2.8663829116630969E+027   2.6582739945070873E+028   2.7349293740949190E+028
 evector(1) =   0.99985106072550989       -1.5824762841142464E-002  -6.8871799086791660E-003
 evector(2) =    1.5943898512721912E-002  0.99971795073041725        1.7601451292177637E-002
 evector(3) =    6.6066985922578064E-003  -1.7708638242295044E-002  0.99982136187686776     
 A \times v = lambda v:
   2.8659559946718224E+027   4.5701318242156622E+025   1.8937327947356416E+025
   2.8659559946718229E+027   4.5701318242156751E+025   1.8937327947356413E+025
  -4.2066555529851098E+026   2.6575242302685857E+028  -4.7074412517626609E+026
  -4.2066555529851098E+026   2.6575242302685857E+028  -4.7074412517626609E+026
  -1.8835950636923017E+026   4.8138726165677593E+026   2.7344408114446317E+028
  -1.8835950636923013E+026   4.8138726165677586E+026   2.7344408114446313E+028
 evector_(1) =   0.99985106072550989       -1.5824762841142464E-002  -6.8871799086791660E-003
 evector_(2) =    1.5943898512721912E-002  0.99971795073041725        1.7601451292177637E-002
 evector_(3) =    6.6066985922578064E-003  -1.7708638242295044E-002  0.99982136187686776     
 alpha =   0.98888920873467456       deg
 beta  =    1.3608502209992874       deg
 gamma =    1.0830067642695944       deg
 phi0 =   0.98888920873467456       deg

 rotated to m.o.i. (about 3 axes), wo. density profile

 elambda_ =    2.8663782750384367E+027   2.6582888061670287E+028   2.7349150260974283E+028
 evector_(1) =   0.99999995676037445       -1.1864798596837670E-004   2.6907602024815323E-004
 evector_(2) =    1.2042956944240121E-004  0.99997800879650034       -6.6307933239604100E-003
 evector_(3) =   -2.6828337266937465E-004   6.6308254419566552E-003  0.99997797984655157     
 alpha =    1.6849173174964486E-002  deg
 beta  =   0.37998191297997219       deg
 gamma =   0.38023194202682115       deg

 again to verify

 elambda_ =    2.8663782743815451E+027   2.6582888082659032E+028   2.7349150240642510E+028
 evector_(1) =   0.99999999999792577       -1.8915582986295919E-006  -7.5520942671345985E-007
 evector_(2) =    1.8915598340281829E-006  0.99999999999614431        2.0330810322877027E-006
 evector_(3) =    7.5520558101924968E-007  -2.0330824608073037E-006  0.99999999999764810     
 alpha =    1.1669870911656267E-004  deg
 beta  =    1.5910685242383207E-004  deg
 gamma =    1.2426440051960513E-004  deg

 again to verify

 elambda_ =    2.8663782743815352E+027   2.6582888082659155E+028   2.7349150240642545E+028
 evector_(1) =    1.0000000000000000       -1.6345938192326843E-012   3.6049723444958553E-012
 evector_(2) =    1.6345938195566140E-012   1.0000000000000000       -8.9856326821785947E-011
 evector_(3) =   -3.6049723443489766E-012   8.9856326821791840E-011   1.0000000000000000     
 alpha =    0.0000000000000000       deg
 beta  =    0.0000000000000000       deg
 gamma =    0.0000000000000000       deg

 again to verify

 C10 = z0/R =    1.1747099221416630E-017
 Clm(1,0) =    1.8755003518104718E-017
  0.62634481566888722       (may be invalid, if C10 << 1!)

 C11 = x0/R =   -2.9052006415167621E-016
 Clm(1,1) =   -1.6273874609007422E-016
   1.7851929619199374     

 S11 = y0/R =    1.3214896673349364E-017
 Slm(1,1) =    4.6393688587012538E-017
  0.28484255242099343     

 C20 =  -0.76511015036347541       i.e., oblateness
 Clm(2,0) =  -0.76511015036348029     
  0.99999999999998712     

 C21 =    5.3489891244058704E-012
 Clm(2,1) =    1.2263343010347760E-017
   436177.07829687343     

 S21 =   -4.1728735995770432E-012
 Slm(2,1) =    9.5731663698681024E-018
  -435892.72747952217     

 C22 =   0.35933537687456307       i.e., triaxiality
 Clm(2,2) =   0.35933537687455919     
   1.0000000000000109     

 S22 =   -1.1747347723819363E-012
 Slm(2,2) =   -1.0125431851477906E-017
   116018.23898607072     

 J2 = -C20 =   0.76511015036347541     

 Clm(           0 ,           0 ) =    1.0000000000000011     

 Clm(           1 ,           0 ) =    1.8755003518104718E-017
 Clm(           1 ,           1 ) =   -1.6273874609007422E-016
 Slm(           1 ,           1 ) =    4.6393688587012538E-017

 Clm(           2 ,           0 ) =  -0.76511015036348029     
 Clm(           2 ,           1 ) =    1.2263343010347760E-017
 Slm(           2 ,           1 ) =    9.5731663698681024E-018
 Clm(           2 ,           2 ) =   0.35933537687455919     
 Slm(           2 ,           2 ) =   -1.0125431851477906E-017

 Clm(           3 ,           0 ) =    1.5050508950529944E-002
 Clm(           3 ,           1 ) =   -5.2402994916682884E-002
 Slm(           3 ,           1 ) =    4.6054068587843711E-004
 Clm(           3 ,           2 ) =   -1.5093387925822813E-003
 Slm(           3 ,           2 ) =    2.4643470491593272E-003
 Clm(           3 ,           3 ) =    1.1796424463519428E-002
 Slm(           3 ,           3 ) =   -3.3348380444610015E-004

 Clm(           4 ,           0 ) =    1.3092215156958076     
 Clm(           4 ,           1 ) =   -1.3565685377899645E-002
 Slm(           4 ,           1 ) =    3.6892272684133526E-004
 Clm(           4 ,           2 ) =  -0.13957089380058765     
 Slm(           4 ,           2 ) =   -1.7314878136993495E-003
 Clm(           4 ,           3 ) =    3.1914714696929463E-004
 Slm(           4 ,           3 ) =   -1.5763604710042597E-005
 Clm(           4 ,           4 ) =    1.5390495482263674E-002
 Slm(           4 ,           4 ) =    5.8308874339325033E-004

 Clm(           5 ,           0 ) =   -3.0686416457711044E-002
 Clm(           5 ,           1 ) =   0.13928876613938881     
 Slm(           5 ,           1 ) =    9.7728852324393094E-005
 Clm(           5 ,           2 ) =    9.8875637990259780E-004
 Slm(           5 ,           2 ) =   -3.4615795397505752E-003
 Clm(           5 ,           3 ) =   -6.3139334343767324E-003
 Slm(           5 ,           3 ) =   -9.7257404688631653E-006
 Clm(           5 ,           4 ) =    7.4664254079382454E-005
 Slm(           5 ,           4 ) =    2.8552125223344952E-004
 Clm(           5 ,           5 ) =    7.0739940315175985E-004
 Slm(           5 ,           5 ) =    9.4461647039322121E-006

 Clm(           6 ,           0 ) =   -2.9269131948660583     
 Clm(           6 ,           1 ) =    4.8881791114336035E-002
 Slm(           6 ,           1 ) =   -2.7086218291812541E-003
 Clm(           6 ,           2 ) =   0.14178917492802484     
 Slm(           6 ,           2 ) =    2.2676559628649643E-003
 Clm(           6 ,           3 ) =   -8.8764460814465815E-004
 Slm(           6 ,           3 ) =    1.8194816050885046E-004
 Clm(           6 ,           4 ) =   -4.2943172969976476E-003
 Slm(           6 ,           4 ) =   -1.9344542964734720E-004
 Clm(           6 ,           5 ) =    1.2891380308444385E-005
 Slm(           6 ,           5 ) =   -7.7679040584980959E-006
 Clm(           6 ,           6 ) =    3.0402203480002911E-004
 Slm(           6 ,           6 ) =    3.1616280834660042E-005

 Clm(           7 ,           0 ) =    1.3107853155837847E-003
 Clm(           7 ,           1 ) =  -0.49490269545299642     
 Slm(           7 ,           1 ) =   -2.2259943581766075E-003
 Clm(           7 ,           2 ) =    1.3943375913421712E-003
 Slm(           7 ,           2 ) =    6.5729658292631955E-003
 Clm(           7 ,           3 ) =    7.5730037493400770E-003
 Slm(           7 ,           3 ) =    3.1279825976992582E-005
 Clm(           7 ,           4 ) =   -1.0492874455187554E-004
 Slm(           7 ,           4 ) =   -2.5502984705141072E-004
 Clm(           7 ,           5 ) =   -2.1542962086267299E-004
 Slm(           7 ,           5 ) =   -4.5028919824334077E-006
 Clm(           7 ,           6 ) =    5.6935076341586892E-006
 Slm(           7 ,           6 ) =    1.0111083054066359E-005
 Clm(           7 ,           7 ) =    1.5505645304467435E-005
 Slm(           7 ,           7 ) =    1.1224877933028127E-006

 Clm(           8 ,           0 ) =    7.6194384983880852     
 Clm(           8 ,           1 ) =  -0.16332499206185813     
 Slm(           8 ,           1 ) =    1.0252909011745982E-002
 Clm(           8 ,           2 ) =  -0.21223396582781900     
 Slm(           8 ,           2 ) =   -4.0141011063424973E-003
 Clm(           8 ,           3 ) =    1.9829903857434702E-003
 Slm(           8 ,           3 ) =   -4.0978293888889759E-004
 Clm(           8 ,           4 ) =    3.2752412135093598E-003
 Slm(           8 ,           4 ) =    1.6129418289062816E-004
 Clm(           8 ,           5 ) =   -2.3724857564807759E-005
 Slm(           8 ,           5 ) =    9.7130454094601598E-006
 Clm(           8 ,           6 ) =   -6.8466402824123509E-005
 Slm(           8 ,           6 ) =   -7.2158353505092219E-006
 Clm(           8 ,           7 ) =    3.5155610596828377E-007
 Slm(           8 ,           7 ) =   -2.4302523027120357E-007
 Clm(           8 ,           8 ) =    3.5549712871311567E-006
 Slm(           8 ,           8 ) =    7.4989821372233889E-007

 Clm(           9 ,           0 ) =   0.40549072745712417     
 Clm(           9 ,           1 ) =    1.0633010826979594     
 Slm(           9 ,           1 ) =    3.6359686677369074E-004
 Clm(           9 ,           2 ) =   -1.1263730532487765E-002
 Slm(           9 ,           2 ) =   -1.3970756341145134E-002
 Clm(           9 ,           3 ) =   -2.7525643347193301E-002
 Slm(           9 ,           3 ) =   -1.4907764058584439E-003
 Clm(           9 ,           4 ) =    2.0982988145070575E-004
 Slm(           9 ,           4 ) =    3.2349218915308755E-004
 Clm(           9 ,           5 ) =    1.7475222499126040E-004
 Slm(           9 ,           5 ) =    3.6583301772728974E-006
 Clm(           9 ,           6 ) =   -4.4281539021061164E-006
 Slm(           9 ,           6 ) =   -6.4906439975876321E-006
 Clm(           9 ,           7 ) =   -3.5240886726582478E-006
 Slm(           9 ,           7 ) =   -2.3113260930189964E-007
 Clm(           9 ,           8 ) =    1.2056666230665847E-007
 Slm(           9 ,           8 ) =    1.6523483379816782E-007
 Clm(           9 ,           9 ) =    1.8395865231485943E-007
 Slm(           9 ,           9 ) =    3.0374717978684835E-008

 Clm(          10 ,           0 ) =   -22.135337468952869     
 Clm(          10 ,           1 ) =   0.49687050655714388     
 Slm(          10 ,           1 ) =   -3.0854545433177144E-002
 Clm(          10 ,           2 ) =   0.40123523197742383     
 Slm(          10 ,           2 ) =    9.8464551891595462E-003
 Clm(          10 ,           3 ) =   -4.7227738161889883E-003
 Slm(          10 ,           3 ) =    8.5547017643274644E-004
 Clm(          10 ,           4 ) =   -3.8379334358404180E-003
 Slm(          10 ,           4 ) =   -2.2317665799422096E-004
 Clm(          10 ,           5 ) =    4.0942579988604129E-005
 Slm(          10 ,           5 ) =   -1.2517525403955947E-005
 Clm(          10 ,           6 ) =    4.3029076599861868E-005
 Slm(          10 ,           6 ) =    4.8262339204448387E-006
 Clm(          10 ,           7 ) =   -4.1599768197471647E-007
 Slm(          10 ,           7 ) =    1.6755870209157790E-007
 Clm(          10 ,           8 ) =   -6.8357086035975498E-007
 Slm(          10 ,           8 ) =   -1.3952292136325249E-007
 Clm(          10 ,           9 ) =    6.4261048284683326E-009
 Slm(          10 ,           9 ) =   -2.5194687676029388E-009
 Clm(          10 ,          10 ) =    2.8025942185563578E-008
 Slm(          10 ,          10 ) =    1.0271670984027928E-008

 U =   -619.37504000000001       J kg^-1 (point mass); cpu_time =    9.83476639E-07  s
 U =   -632.94139229856034       J kg^-1 (brute force); cpu_time =   0.130796015      s

 U =   -619.37504000000069       J kg^-1 (multipole,            0 ); cpu_time =    5.59985638E-05  s
 U =   -619.37504000000069       J kg^-1 (multipole,            1 ); cpu_time =    1.00016594E-04  s
 U =   -632.24289865391279       J kg^-1 (multipole,            2 ); cpu_time =    1.76995993E-04  s
 U =   -632.51142090341523       J kg^-1 (multipole,            3 ); cpu_time =    2.75999308E-04  s
 U =   -632.90664687474327       J kg^-1 (multipole,            4 ); cpu_time =    4.10020351E-04  s
 U =   -632.92549634644161       J kg^-1 (multipole,            5 ); cpu_time =    5.69015741E-04  s
 U =   -632.93969472934293       J kg^-1 (multipole,            6 ); cpu_time =    7.64012337E-04  s
 U =   -632.94079860702084       J kg^-1 (multipole,            7 ); cpu_time =    1.01900101E-03  s
 U =   -632.94136531109837       J kg^-1 (multipole,            8 ); cpu_time =    1.25297904E-03  s
 U =   -632.94143014994552       J kg^-1 (multipole,            9 ); cpu_time =    1.54900551E-03  s
 U =   -632.94145472776279       J kg^-1 (multipole,           10 ); cpu_time =    1.90898776E-03  s

 a_g =   -1.2387500799999999E-003  -0.0000000000000000       -0.0000000000000000       m s^-2 (point mass); cpu_time =    1.01327896E-06  s
 a_g =   -1.3225113400250118E-003   4.6308220595512546E-008  -5.6840474730272291E-008  m s^-2 (brute force); cpu_time =   0.132039040      s

 a_g =   -1.2387500800000010E-003   0.0000000000000000       -7.5851566020776448E-020  m s^-2 (multipole,            0 ); cpu_time =    1.35004520E-04  s
 a_g =   -1.2387500800000010E-003   6.8542352943914049E-021  -7.3080688968844535E-020  m s^-2 (multipole,            1 ); cpu_time =    2.62022018E-04  s
 a_g =   -1.3159572319234732E-003   5.7837484813218691E-021  -7.7160007390662913E-020  m s^-2 (multipole,            2 ); cpu_time =    4.68969345E-04  s
 a_g =   -1.3181054099194935E-003  -3.2988737372588992E-008  -9.5021871802442139E-008  m s^-2 (multipole,            3 ); cpu_time =    7.91013241E-04  s
 a_g =   -1.3220576696327748E-003   3.4901853207709069E-008  -6.1122118680592774E-008  m s^-2 (multipole,            4 ); cpu_time =    1.18196011E-03  s
 a_g =   -1.3222838632931540E-003   3.6287327193767556E-008  -6.2284618126221179E-008  m s^-2 (multipole,            5 ); cpu_time =    1.63501501E-03  s
 a_g =   -1.3224826406537720E-003   4.4833238741610021E-008  -5.8024251555448401E-008  m s^-2 (multipole,            6 ); cpu_time =    2.23499537E-03  s
 a_g =   -1.3225003026966198E-003   4.5341267441104469E-008  -5.7396394367757003E-008  m s^-2 (multipole,            7 ); cpu_time =    2.88295746E-03  s
 a_g =   -1.3225105033700141E-003   4.6156836786388163E-008  -5.6985230072559791E-008  m s^-2 (multipole,            8 ); cpu_time =    3.72004509E-03  s
 a_g =   -1.3225118001469545E-003   4.6231463174973115E-008  -5.6890730304273044E-008  m s^-2 (multipole,            9 ); cpu_time =    4.71699238E-03  s
 a_g =   -1.3225123408589390E-003   4.6301338215945426E-008  -5.6855748036942914E-008  m s^-2 (multipole,           10 ); cpu_time =    5.84000349E-03  s

