 f_elem = tri_file_octdecv_1.1.ele
 f_face = tri_file_octdecv_1.1.face
 f_node = tri_file_octdecv_1.1.node
 rho =    4110.0000000000000       kg m^-3
 r =    500000.00000000000        0.0000000000000000        0.0000000000000000       [unit]
 unit =    1000.0000000000000       m
 P =   0.17284167583333299       day
 Tmin =    2436258.0000000000       JD
 pole_l =    195.06059999999999       deg
 pole_b =    3.3321000000000001       deg
 phi0 =    0.0000000000000000       deg
 maxl =           10

 nelems =        50809
 nfaces =        12008
 nnodes =        11218
 V =    1868819646354440.5       m^3
 R =    76411.652845114557       m =    76.411652845114560       [unit]; volume-equivalent
 2R =    152823.30569022911       m =    152.82330569022912       [unit]
 M =    7.6808487465167503E+018  kg =    3.8628096034310232E-012  M_S
 vkepl =    81.908254558462502       m s^-1
 vesc =    115.83576446688556       m s^-1

 S =    79584860834.296021       m^2
 R_ =    79581.166104357864       m =    1.0414794490268111       R; surface-equivalent

 T(1) =   -5.7750971803416684     
 T(2) =    34.071369521983499     
 T(3) =   -15.239091244317551     

 shifted to c.o.m.

 T(1) =    8.6274167595314832E-013
 T(2) =    2.4371750553269635E-012
 T(3) =    6.3458337315396455E-013

 A =    2.2187015487370050E+028  kg m^2
 B =    1.4124187608522080E+028  kg m^2
 C =    2.5280229608333857E+028  kg m^2
 D = Iyz =   -2.0931138787683565E+026  kg m^2
 E = Ixz =    7.6274263886778217E+025  kg m^2
 F = Ixy =    1.3323904097621208E+027  kg m^2

 I(1) =    2.2187015487370050E+028   1.3323904097621208E+027   7.6274263886778217E+025
 I(2) =    1.3323904097621208E+027   1.4124187608522080E+028  -2.0931138787683565E+026
 I(3) =    7.6274263886778217E+025  -2.0931138787683565E+026   2.5280229608333857E+028
 omega =    0.0000000000000000        0.0000000000000000        4.2074373449465103E-004
 L =    3.2091918633553564E+022  -8.8066455007558260E+022   1.0636498214292637E+025
 alpha =    89.827136445035009       deg
 beta  =    90.474375854265205       deg
 gamma =   0.50489169667322598       deg

 elambda =    2.2400876652964862E+028   1.3905506030565838E+028   2.5285050020695290E+028
 evector(1) =   0.98712637770015221      -0.15898796113231961        1.7445419558278177E-002
 evector(2) =   0.15927715758107286       0.98709322419878387       -1.6665947730131591E-002
 evector(3) =   -1.4570570389329901E-002   1.9230053453836677E-002  0.99970890939447576     
 A \times v = lambda v:
   2.2112496227749108E+028   3.5679479606084602E+027  -3.2639355005472129E+026
   2.2112496227749113E+028   3.5679479606084602E+027  -3.2639355005472136E+026
  -2.2108080523128375E+027   1.3726030781826868E+028   2.6740362427042940E+026
  -2.2108080523128375E+027   1.3726030781826865E+028   2.6740362427042933E+026
   4.4110830616307969E+026  -4.2139932199867038E+026   2.5277689780174053E+028
   4.4110830616307962E+026  -4.2139932199867038E+026   2.5277689780174057E+028
 evector_(1) =   0.15927715758107286       0.98709322419878387       -1.6665947730131591E-002
 evector_(2) =   0.98712637770015221      -0.15898796113231961        1.7445419558278177E-002
 evector_(3) =   -1.4570570389329901E-002   1.9230053453836677E-002  0.99970890939447576     
 alpha =    80.835057635549589       deg
 beta  =    99.148158758713251       deg
 gamma =    1.3824908336668316       deg
 phi0 =    80.835057635549589       deg

 rotated to m.o.i. (about 3 axes), wo. density profile

 elambda_ =    1.3879497496000459E+028   2.2370801733612497E+028   2.5261262094596359E+028
 evector_(1) =   0.99999973741423331       -5.8927979614508677E-004  -4.2180657440400173E-004
 evector_(2) =    5.9765071353264369E-004  0.99979722654718972        2.0128303509536611E-002
 evector_(3) =    4.0985984063964562E-004  -2.0128550317130772E-002  0.99979731619815926     
 alpha =    4.1521518758957335E-002  deg
 beta  =    1.1538530896788699       deg
 gamma =    1.1535979799036644       deg

 again to verify

 elambda_ =    1.3879497438312286E+028   2.2370801960772303E+028   2.5261261925125030E+028
 evector_(1) =   0.99999999988474697       -1.3907554664470868E-005   6.0898258197329362E-006
 evector_(2) =    1.3907565012662495E-005  0.99999999990184618       -1.6992199980722099E-006
 evector_(3) =   -6.0898021871401866E-006   1.6993046925248733E-006  0.99999999998001332     
 alpha =    8.6988893152030390E-004  deg
 beta  =    8.0277017676002520E-004  deg
 gamma =    3.6224962847882593E-004  deg

 again to verify

 elambda_ =    1.3879497438312101E+028   2.2370801960772237E+028   2.5261261925125206E+028
 evector_(1) =    1.0000000000000000       -1.7392181080050497E-011  -1.1631390909856256E-011
 evector_(2) =    1.7392181086823552E-011   1.0000000000000000        5.8230816802801098E-010
 evector_(3) =    1.1631390899728647E-011  -5.8230816802821322E-010   1.0000000000000000     
 alpha =    0.0000000000000000       deg
 beta  =    0.0000000000000000       deg
 gamma =    0.0000000000000000       deg

 again to verify

 C10 = z0/R =    8.3047984113137416E-018
 Clm(1,0) =    1.8724722090240377E-018
   4.4352051642156729       (may be invalid, if C10 << 1!)

 C11 = x0/R =    1.1290708207842522E-017
 Clm(1,1) =   -1.0327078632483633E-016
 -0.10933109555617994     

 S11 = y0/R =    3.1895332250790151E-017
 Slm(1,1) =    1.3527276640690012E-017
   2.3578531805026501     

 C20 =  -0.15912311447732444       i.e., oblateness
 Clm(2,0) =  -0.15912311447732241     
   1.0000000000000253     

 C21 =   -2.9519761586531222E-012
 Clm(2,1) =   -2.4364743909092339E-017
   121157.69283959169     

 S21 =    3.7531112635700147E-011
 Slm(2,1) =    1.3354240382711269E-017
   2810426.6180717293     

 C22 =    4.7335397022811455E-002  i.e., triaxiality
 Clm(2,2) =    4.7335397022810831E-002
   1.0000000000000131     

 S22 =   -1.6465315938931198E-012
 Slm(2,2) =   -9.0921624980297419E-018
   181093.50710019984     

 J2 = -C20 =   0.15912311447732444     

 Clm(           0 ,           0 ) =    1.0000000000000131     

 Clm(           1 ,           0 ) =    1.8724722090240377E-018
 Clm(           1 ,           1 ) =   -1.0327078632483633E-016
 Slm(           1 ,           1 ) =    1.3527276640690012E-017

 Clm(           2 ,           0 ) =  -0.15912311447732241     
 Clm(           2 ,           1 ) =   -2.4364743909092339E-017
 Slm(           2 ,           1 ) =    1.3354240382711269E-017
 Clm(           2 ,           2 ) =    4.7335397022810831E-002
 Slm(           2 ,           2 ) =   -9.0921624980297419E-018

 Clm(           3 ,           0 ) =    1.5373607707284066E-002
 Clm(           3 ,           1 ) =    2.2813111811516958E-002
 Slm(           3 ,           1 ) =   -5.6033501286851424E-003
 Clm(           3 ,           2 ) =   -2.5523082644072592E-003
 Slm(           3 ,           2 ) =    3.0274895324353172E-003
 Clm(           3 ,           3 ) =   -7.9001817125906018E-004
 Slm(           3 ,           3 ) =    3.3036072579436947E-003

 Clm(           4 ,           0 ) =    4.5159895302739818E-002
 Clm(           4 ,           1 ) =   -6.6279442403516268E-003
 Slm(           4 ,           1 ) =    3.8014765983859274E-003
 Clm(           4 ,           2 ) =   -4.0224800451337320E-003
 Slm(           4 ,           2 ) =    9.0332206768061959E-004
 Clm(           4 ,           3 ) =    2.0909937264658861E-004
 Slm(           4 ,           3 ) =   -2.4723724738622102E-004
 Clm(           4 ,           4 ) =    2.8236233018688806E-004
 Slm(           4 ,           4 ) =   -2.7114103381476297E-004

 Clm(           5 ,           0 ) =   -2.4110808276241177E-002
 Clm(           5 ,           1 ) =   -1.5955191922143397E-002
 Slm(           5 ,           1 ) =    3.9658771955650516E-003
 Clm(           5 ,           2 ) =    1.4734612992041132E-003
 Slm(           5 ,           2 ) =   -1.0711547021837497E-003
 Clm(           5 ,           3 ) =    4.0415637615787663E-004
 Slm(           5 ,           3 ) =   -4.5426561124986233E-004
 Clm(           5 ,           4 ) =   -4.6169986864439435E-005
 Slm(           5 ,           4 ) =    6.9400905192582666E-005
 Clm(           5 ,           5 ) =   -9.1476568302388929E-006
 Slm(           5 ,           5 ) =    5.2061729734132098E-005

 Clm(           6 ,           0 ) =   -1.5928560099738958E-002
 Clm(           6 ,           1 ) =    1.1843774381821836E-002
 Slm(           6 ,           1 ) =   -3.5785607353128958E-003
 Clm(           6 ,           2 ) =    6.8826952002668136E-004
 Slm(           6 ,           2 ) =   -7.3674178610670714E-004
 Clm(           6 ,           3 ) =   -1.7852148270072852E-004
 Slm(           6 ,           3 ) =    1.9462033806484828E-004
 Clm(           6 ,           4 ) =   -8.2827952919253899E-006
 Slm(           6 ,           4 ) =    3.8100582736828089E-005
 Clm(           6 ,           5 ) =    8.4148473904260208E-007
 Slm(           6 ,           5 ) =   -6.5749638838128002E-006
 Clm(           6 ,           6 ) =   -2.9053818350301579E-007
 Slm(           6 ,           6 ) =   -3.5580659901030834E-006

 Clm(           7 ,           0 ) =    4.2522990437406580E-002
 Clm(           7 ,           1 ) =   -2.1367845802422833E-002
 Slm(           7 ,           1 ) =   -1.9214500589124703E-003
 Clm(           7 ,           2 ) =   -1.2982726511624294E-003
 Slm(           7 ,           2 ) =    7.7027054780738386E-004
 Clm(           7 ,           3 ) =   -1.2665342266710526E-004
 Slm(           7 ,           3 ) =    1.1702507866618071E-004
 Clm(           7 ,           4 ) =    1.4838606412175877E-005
 Slm(           7 ,           4 ) =   -2.3852350031207677E-005
 Clm(           7 ,           5 ) =    1.4786871412010845E-006
 Slm(           7 ,           5 ) =   -4.6998899191329554E-006
 Clm(           7 ,           6 ) =   -9.4328275972729355E-008
 Slm(           7 ,           6 ) =    6.7659847812782214E-007
 Clm(           7 ,           7 ) =    7.3295293422402546E-008
 Slm(           7 ,           7 ) =    3.0114888545969685E-007

 Clm(           8 ,           0 ) =    6.2764411196259756E-003
 Clm(           8 ,           1 ) =   -1.5604324380788766E-002
 Slm(           8 ,           1 ) =    3.9424662115789327E-003
 Clm(           8 ,           2 ) =   -1.5904667699475039E-004
 Slm(           8 ,           2 ) =    4.6437451112747979E-004
 Clm(           8 ,           3 ) =    1.5026647926131388E-004
 Slm(           8 ,           3 ) =   -1.4142738158415540E-004
 Clm(           8 ,           4 ) =   -8.8715278409923530E-007
 Slm(           8 ,           4 ) =   -1.1950068181726231E-005
 Clm(           8 ,           5 ) =   -7.7173937607761465E-007
 Slm(           8 ,           5 ) =    2.9185441237917443E-006
 Clm(           8 ,           6 ) =    1.3136226862776934E-007
 Slm(           8 ,           6 ) =    3.0857114026980220E-007
 Clm(           8 ,           7 ) =   -1.6317415667265302E-008
 Slm(           8 ,           7 ) =   -5.9740587315239778E-008
 Clm(           8 ,           8 ) =   -1.2724621219439140E-008
 Slm(           8 ,           8 ) =   -1.7269225030504478E-008

 Clm(           9 ,           0 ) =   -7.8124592359190462E-002
 Clm(           9 ,           1 ) =   -6.3931770247057870E-004
 Slm(           9 ,           1 ) =    8.4783413305420296E-004
 Clm(           9 ,           2 ) =    1.1661439327603133E-003
 Slm(           9 ,           2 ) =   -5.5017637155387674E-004
 Clm(           9 ,           3 ) =   -6.6828584986993882E-005
 Slm(           9 ,           3 ) =   -5.5709513364962768E-004
 Clm(           9 ,           4 ) =   -8.7120032427172509E-006
 Slm(           9 ,           4 ) =    1.5409305224602362E-005
 Clm(           9 ,           5 ) =    2.1885681873965905E-009
 Slm(           9 ,           5 ) =    7.2287677061548252E-007
 Clm(           9 ,           6 ) =   -7.0735022565703629E-010
 Slm(           9 ,           6 ) =   -2.2211670945367252E-007
 Clm(           9 ,           7 ) =   -6.9855178351031437E-009
 Slm(           9 ,           7 ) =   -1.8961086739789038E-008
 Clm(           9 ,           8 ) =    1.8458550585053409E-009
 Slm(           9 ,           8 ) =    3.5657791786928356E-009
 Clm(           9 ,           9 ) =    1.0032479024977239E-009
 Slm(           9 ,           9 ) =    8.5041899862210439E-010

 Clm(          10 ,           0 ) =    1.2532073949722026E-002
 Clm(          10 ,           1 ) =    1.6679174970430092E-002
 Slm(          10 ,           1 ) =   -4.0608616606557443E-003
 Clm(          10 ,           2 ) =   -1.8676423754278805E-004
 Slm(          10 ,           2 ) =   -1.2664548939674185E-004
 Clm(          10 ,           3 ) =   -1.2509380859884026E-004
 Slm(          10 ,           3 ) =    1.1697074104393048E-004
 Clm(          10 ,           4 ) =    1.8866584834934695E-006
 Slm(          10 ,           4 ) =    2.5253003042871370E-006
 Clm(          10 ,           5 ) =    4.5190741115720667E-007
 Slm(          10 ,           5 ) =   -1.5401973908992228E-006
 Clm(          10 ,           6 ) =   -3.7909533107507830E-008
 Slm(          10 ,           6 ) =   -4.6740184257355873E-008
 Clm(          10 ,           7 ) =    3.9785672317985149E-009
 Slm(          10 ,           7 ) =    1.7991723425764239E-008
 Clm(          10 ,           8 ) =    1.1373695314999183E-009
 Slm(          10 ,           8 ) =    8.9763675393196097E-010
 Clm(          10 ,           9 ) =   -1.8828833258426488E-010
 Slm(          10 ,           9 ) =   -2.2774035553787263E-010
 Clm(          10 ,          10 ) =   -7.4240636622825370E-011
 Slm(          10 ,          10 ) =   -3.2780986647354788E-011

 U =   -1025.2857757775348       J kg^-1 (point mass); cpu_time =    9.53674316E-07  s
 U =   -1030.4606783380611       J kg^-1 (brute force); cpu_time =   0.276463032      s

 U =   -1025.2857757775482       J kg^-1 (multipole,            0 ); cpu_time =    6.50286674E-05  s
 U =   -1025.2857757775482       J kg^-1 (multipole,            1 ); cpu_time =    1.00016594E-04  s
 U =   -1030.5913287570918       J kg^-1 (multipole,            2 ); cpu_time =    1.75952911E-04  s
 U =   -1030.4227389357761       J kg^-1 (multipole,            3 ); cpu_time =    2.77996063E-04  s
 U =   -1030.4656620042235       J kg^-1 (multipole,            4 ); cpu_time =    4.09007072E-04  s
 U =   -1030.4605529611210       J kg^-1 (multipole,            5 ); cpu_time =    5.71012497E-04  s
 U =   -1030.4607476339695       J kg^-1 (multipole,            6 ); cpu_time =    7.80999660E-04  s
 U =   -1030.4608155007884       J kg^-1 (multipole,            7 ); cpu_time =    1.01101398E-03  s
 U =   -1030.4608060522996       J kg^-1 (multipole,            8 ); cpu_time =    1.29705667E-03  s
 U =   -1030.4608085970442       J kg^-1 (multipole,            9 ); cpu_time =    1.56700611E-03  s
 U =   -1030.4608079468762       J kg^-1 (multipole,           10 ); cpu_time =    1.92797184E-03  s

 a_g =   -2.0505715515550696E-003  -0.0000000000000000       -0.0000000000000000       m s^-2 (point mass); cpu_time =    0.00000000      s
 a_g =   -2.0814256749992809E-003   1.0559435504052592E-006  -3.9180373134915411E-007  m s^-2 (brute force); cpu_time =   0.275829017      s

 a_g =   -2.0505715515550965E-003   0.0000000000000000       -1.2556129435172854E-019  m s^-2 (multipole,            0 ); cpu_time =    1.33037567E-04  s
 a_g =   -2.0505715515550965E-003   4.2391119819833126E-021  -1.2497450814279361E-019  m s^-2 (multipole,            1 ); cpu_time =    2.58922577E-04  s
 a_g =   -2.0824048694323581E-003   1.6265142442444886E-021  -1.3042429416138306E-019  m s^-2 (multipole,            2 ); cpu_time =    4.72068787E-04  s
 a_g =   -2.0810561508618308E-003   1.1495546384532672E-006  -4.4897599232319983E-007  m s^-2 (multipole,            3 ); cpu_time =    7.73906708E-04  s
 a_g =   -2.0814853815463059E-003   1.0070261158166294E-006  -3.6881917073871638E-007  m s^-2 (multipole,            4 ); cpu_time =    1.17003918E-03  s
 a_g =   -2.0814240730290755E-003   1.0625745978478834E-006  -3.9722720262097243E-007  m s^-2 (multipole,            5 ); cpu_time =    1.66296959E-03  s
 a_g =   -2.0814267984489545E-003   1.0543913456873040E-006  -3.9073453693894835E-007  m s^-2 (multipole,            6 ); cpu_time =    2.23207474E-03  s
 a_g =   -2.0814278843180574E-003   1.0561985025960497E-006  -3.9207687539445757E-007  m s^-2 (multipole,            7 ); cpu_time =    2.90596485E-03  s
 a_g =   -2.0814277142452557E-003   1.0559022854842316E-006  -3.9175869600033589E-007  m s^-2 (multipole,            8 ); cpu_time =    3.73291969E-03  s
 a_g =   -2.0814277651401473E-003   1.0559790503210947E-006  -3.9180789085013053E-007  m s^-2 (multipole,            9 ); cpu_time =    4.62901592E-03  s
 a_g =   -2.0814277508364575E-003   1.0559727138863469E-006  -3.9179754120303838E-007  m s^-2 (multipole,           10 ); cpu_time =    5.65803051E-03  s

