Teff = 10400.000000000000
logg = 4.2500000000000000
Z = -0.25000000000000000
