Teff = 10400.000000000000
logg = 4.2500000000000000
Z = -0.25000000000000000
n_limb = 121920
n_avail = 7618
Z1 = -0.29999999999999999
Z2 = -0.20000000000000001
logg1 = 4.0000000000000000
logg2 = 4.5000000000000000
logg1 = 4.0000000000000000
logg2 = 4.5000000000000000
Teff1 = 10000.000000000000
Teff2 = 10500.000000000000
Teff1 = 10000.000000000000
Teff2 = 10500.000000000000
Teff1 = 10000.000000000000
Teff2 = 10500.000000000000
Teff1 = 10000.000000000000
Teff2 = 10500.000000000000
