 # nparam : 
 # nparam =           36
 # x_param() : 
 # x_param(           1 ) =    6.2246046236347497E-028
 # x_param(           2 ) =    1.0000000000000000     
 # x_param(           3 ) =    1.0000000000000000     
 # x_param(           4 ) =   -16.000000000000000     
 # x_param(           5 ) =    0.0000000000000000     
 # x_param(           6 ) =    0.0000000000000000     
 # x_param(           7 ) =    0.0000000000000000     
 # x_param(           8 ) =    87.000000000000000     
 # x_param(           9 ) =    300.00000000000000     
 # x_param(          10 ) =    300.00000000000000     
 # x_param(          11 ) =    1.0000000000000000     
 # x_param(          12 ) =    1.0000000000000000     
 # x_param(          13 ) =    1000.0000000000000     
 # x_param(          14 ) =    1000.0000000000000     
 # x_param(          15 ) =    0.0000000000000000     
 # x_param(          16 ) =    0.0000000000000000     
 # x_param(          17 ) =    0.0000000000000000     
 # x_param(          18 ) =    0.0000000000000000     
 # x_param(          19 ) =    0.0000000000000000     
 # x_param(          20 ) =    0.0000000000000000     
 # x_param(          21 ) =    0.0000000000000000     
 # x_param(          22 ) =    0.0000000000000000     
 # x_param(          23 ) =    0.0000000000000000     
 # x_param(          24 ) =    0.0000000000000000     
 # x_param(          25 ) =    0.0000000000000000     
 # x_param(          26 ) =    0.0000000000000000     
 # x_param(          27 ) =    1.0000000000000000     
 # x_param(          28 ) =    1.0000000000000000     
 # x_param(          29 ) =    0.0000000000000000     
 # x_param(          30 ) =    0.0000000000000000     
 # x_param(          31 ) =    0.0000000000000000     
 # x_param(          32 ) =    0.0000000000000000     
 # x_param(          33 ) =   0.66000000000000003     
 # x_param(          34 ) =    3.0000000000000000     
 # x_param(          35 ) =    0.0000000000000000     
 # x_param(          36 ) =    1.0000000000000000     
 # T0 : 
 # T0 =    2458773.1886517801     
 # nshp: 
 # nshp =            0
 # nbod : 
 # nbod =            2
 # file_SKY(           1 ) : 
 # file_SKY(           1 ) = -Sky1.dat
 # file_SKY(           2 ) : 
 # file_SKY(           2 ) = -Sky2.dat
 # file_RV(           1 ) : 
 # file_RV(           1 ) = -RV1.dat_gamma
 # file_RV(           2 ) : 
 # file_RV(           2 ) = -RV2.dat_gamma
 # file_TTV : 
 # file_TTV = -Omc12.dat
 # file_ECL : 
 # file_ECL = -Ecl12.dat
 # file_VIS : 
 # file_VIS = -Vis.dat_fake
 # file_CLO : 
 # file_CLO = -Clo.dat_fake
 # file_SYN : 
 # file_SYN = -Spectra.dat_norect_no4471
 # file_synth(           1 ) : 
 # file_synth(           1 ) = -1.syn
 # file_synth(           2 ) : 
 # file_synth(           2 ) = -2.syn
 # file_SED : 
 # file_SED = -Sed.dat
 # file_absol(           1 ) : 
 # file_absol(           1 ) = -1.abs
 # file_absol(           2 ) : 
 # file_absol(           2 ) = -2.abs
 # file_AO : 
 # file_AO = -AO1.dat
 # file_AO2 : 
 # file_AO2 = -AO2.dat
 # file_SKY2 : 
 # file_SKY2 = -Sky_differential.dat_minusuv
 # file_SKY3 : 
 # file_SKY3 = -Sky_angularvelocity.dat
 # file_OCC : 
 # file_OCC = -Occ.dat
 # nband : 
 # nband =            1
 # iband_LC(           1 ) file_LC(           1 ) : 
 # iband_LC(           1 ) =            7
 # file_LC(           1 ) = V.dat
 # geometry : 
 # geometry =            4
 # m_min() : 
 # m_min(           1 ) =    5.0000000000000000       M_S
 # m_min(           2 ) =    2.0000000000000000       M_S
 # m_max() : 
 # m_max(           1 ) =    100.00000000000000       M_S
 # m_max(           2 ) =    100.00000000000000       M_S
 # use_hec88() : 
 # use_hec88(           1 ) =  F
 # use_hec88(           2 ) =  F
 # lightcurve_timestep : 
 # lightcurve_timestep =    0.0000000000000000     
 # approx_eclipse_duration : 
 # approx_eclipse_duration =    1.0000000000000000     
 # lambda1 lambda2 : 
 # lambda1 =    4.2500000000000001E-007  m =    425.00000000000000       nm
 # lambda2 =    4.5499999999999998E-007  m =    454.99999999999994       nm
 # lambda3 lambda4 : 
 # lambda3 =    3.2099999999999998E-007  m =    320.99999999999994       nm
 # lambda4 =    2.7000000000000000E-006  m =    2700.0000000000000       nm
 # pyterpol_Delta(4) : 
 # pyterpol_Delta(           1 ) =    10.000000000000000     
 # pyterpol_Delta(           2 ) =    1.0000000000000000E-003
 # pyterpol_Delta(           3 ) =   0.10000000000000001     
 # pyterpol_Delta(           4 ) =    1.0000000000000000E-004
 # silh_factor : 
 # silh_factor =   0.20000000000000001     
 # spectral_slope : 
 # spectral_slope =   0.45000000000000001     
 # nsub : 
 # nsub =            0
 # use_planck : 
 # use_planck =  T
 # use_filters : 
 # use_filters =  F
 # use_limbdark : 
 # use_limbdark =  F
 # use_pyterpol : 
 # use_pyterpol =  F
 # use_vardist : 
 # use_vardist =  T
 # use_varpole : 
 # use_varpole =  F
 # use_multipole : 
 # use_multipole =  F
 # use_bruteforce : 
 # use_bruteforce =  F
 # use_oblat =  F
 # use_tides =  F
 # use_tides2 =  F
 # use_ppn =  F
 # use_polygon =  T
 # use_zero =  F
 # use_adam =  T
 # use_stellar =  F
 # use_cliptrace =  T
 # w_SKY w_RV w_TTV w_ECL w_VIS w_CLO w_T3 w_LC w_SYN w_SED w_AO w_AO2, w_SKY2 w_SKY3 w_OCC : 
 # w_SKY =    1.0000000000000000     
 # w_RV =    1.0000000000000000     
 # w_TTV =    1.0000000000000000     
 # w_ECL =    1.0000000000000000     
 # w_VIS =    1.0000000000000000     
 # w_CLO =    1.0000000000000000     
 # w_T3 =    1.0000000000000000     
 # w_LC =    1.0000000000000000     
 # w_SYN =   0.10000000000000001     
 # w_SED =   0.10000000000000001     
 # w_AO =    1.0000000000000000     
 # w_AO2 =    1.0000000000000000     
 # w_SKY2 =    1.0000000000000000     
 # w_SKY3 =    1.0000000000000000     
 # w_OCC =    1.0000000000000000     
 # eps_BS : 
 # eps_BS =    1.0000000000000000E-008
 # debug : 
 # debug =  T
 # debug_swift : 
 # debug_swift =  T
# x() array:   6.2246046236347497E-028   1.0000000000000000        1.0000000000000000       -16.000000000000000        0.0000000000000000        0.0000000000000000        0.0000000000000000        87.000000000000000        300.00000000000000        300.00000000000000        1.0000000000000000        1.0000000000000000        1000.0000000000000        1000.0000000000000        0.0000000000000000        0.0000000000000000        0.0000000000000000        0.0000000000000000        0.0000000000000000        0.0000000000000000        0.0000000000000000        0.0000000000000000        0.0000000000000000        0.0000000000000000        0.0000000000000000        0.0000000000000000        1.0000000000000000        1.0000000000000000        0.0000000000000000        0.0000000000000000        0.0000000000000000        0.0000000000000000       0.66000000000000003        3.0000000000000000        0.0000000000000000        1.0000000000000000     
 # m(           1 ) =    3.1123023118173748E-028  M_S
 # m(           2 ) =    3.1123023118173748E-028  M_S
 # log_g(           1 ) =   -23.068850597231243     
 # log_g(           2 ) =   -23.068850597231243     
 # v_rot(           1 ) =    8.0520833333333347E-003  km/s
 # v_rot(           2 ) =    8.0520833333333347E-003  km/s
 # Lum(           1 ) =   0.50000000000000000     
 # Lum(           2 ) =   0.50000000000000000     
 # a =    1.6709814899382987E-011  au =    3.5931475186701590E-009  R_S
 # barycentric coordinates:
   8.3434573394029401E-012  -4.3726207070090939E-013  -0.0000000000000000        2.7473986180148743E-012   5.2423488566016114E-011  -0.0000000000000000     
  -8.3434573394029401E-012   4.3726207070090939E-013  -0.0000000000000000       -2.7473986180148743E-012  -5.2423488566016114E-011  -0.0000000000000000     
 # 1-centric coordinates:
   0.0000000000000000        0.0000000000000000        0.0000000000000000        0.0000000000000000        0.0000000000000000        0.0000000000000000     
  -1.6686914678805880E-011   8.7452414140181878E-013   0.0000000000000000       -5.4947972360297487E-012  -1.0484697713203223E-010   0.0000000000000000     
 # Spin axes data file called spin.in
  
 # Tides parameters file called tides.in
  
 # k_L(           1 ) =    0.0000000000000000     
 # Omega_rot(           1 ) =    1.0960466382266143       rad/day
 # R_body(           1 ) =    6.4808911748768627E-002  AU =    13.936000000000000       R_S
 # k_L(           2 ) =    0.0000000000000000     
 # Omega_rot(           2 ) =    1.0960466382266143       rad/day
 # R_body(           2 ) =    1.6351042889542946E-002  AU =    3.5160000000000000       R_S
 # external_mass =    0.0000000000000000       M_S
 # Warning: k_L will be overwritten by C20!
 # Warning: R_body will be overwritten by R_star!
 # dt =    1.0000000000000000E-002  day
 # dtout =    1.0000000000000000E-002  day
 # dt =    1.0000000000000000E-002  day
 # dtout =    1.0000000000000000E-002  day
 # nout =         1106
 # m_SKY(           1 ) =            0
 # m_SKY(           2 ) =            0
 # m_RV(           1 ) =            0
 # m_RV(           2 ) =            0
 # m_TTV =            0
 # nmin =            0
 # m_ECL =            0
 # m_VIS =            0
 # n_limb =            0
 # n_avail =            0
 # m_CLO =            0
 # m_SYN =            0
 # n_synth(           1 ) =            0
 # n_synth(           2 ) =            0
 # m_SED =            0
 # m_AO =            0
 # m_AO2 =            0
 # m_SKY2 =            0
 # m_SKY3 =            0
 # m_OCC =            0
 # read_LC2.f: Ephemeris file 'V.eph'.
 # m_LC(           1 ) =         1001
 # iband =            7
 # lambda_eff =    5.4499999999999997E-007  m
 # band_eff =    8.4999999999999994E-008  m
 # calib =    3.6894999999999997E-002  J s^-1 m^-2 m^-1
 # f_node1 = sphere.1.node
 # f_face1 = sphere.1.face
 # f_node2 = sphere.1.node
 # f_face2 = sphere.1.face
 # unit1 =    1.0000000000000000       m
 # unit2 =   0.10000000000000001       m
 # pole_l_ =    0.0000000000000000        0.0000000000000000       deg
 # pole_b_ =    1.5707963267948966        1.5707963267948966       deg
 # phi0_ =    0.0000000000000000        0.0000000000000000       deg
 # P_rot =    1.0000000000000000        1.0000000000000000       d
 # Tmin =    0.0000000000000000        0.0000000000000000       d
 # R_body =    1.0000000000000000        1.0000000000000000       m
 # A_w =    1.0000000000000000        1.0000000000000000     
 # T_star =    5770.0000000000000       K
 # T_eq =    300.00000000000000       K
 # B0 =    0.0000000000000000     
 # minh =    0.0000000000000000     
 # ming =    0.0000000000000000     
 # bartheta =    0.0000000000000000       deg
 # use_shadowing =  T
 # use_scattering =  F
 # use_thermal =  F
 # debug_polygon =  T
 # Warning: pole_l_ will be overwritten by pole_l!
 # Warning: pole_b_ will be overwritten by pole_b!
 # Warning: phi0_ will be overwritten by phi0!
 # Warning: P_rot_ will be overwritten by P_rot!
 # Warning: R_body will be overwritten by R_star!
 # Warning: A_w will be overwritten by albedo!
 # Warning: B0 will be overwritten by scattering(1)!
 # Warning: minh will be overwritten by scattering(2)!
 # Warning: ming will be overwritten by scattering(3)!
 # Warning: bartheta will be overwritten by scattering(4)!
 scattering is Lambert
 
 # at stellar surface:
 T_star =    5770.0000000000000       K
 lambda_eff =    5.4499999999999997E-007  m
 Delta_eff =    8.4999999999999994E-008  m
 B_lambda =    25787426860835.297       W m^-2 sr^-1 m^-1
 Phi_lambda =    81013590780984.266       W m^-2 m^-1
 J_lambda =    3.9210455607474307E+031  W sr^-1 m^-1
 P_lambda =    4.9273311712139995E+032  W m^-1
 P_V =    4.1882314955318997E+025  W
 
 # at asteroid surface:
 lite =   -5.7755183314369954E-003  d
 d1 =    1.0000000000000000       au
 Phi_lambda =    1752068431.0916550       W m^-2 m^-1
 Phi_V =    148.92581664279066       W m^-2
 reflectance =   0.997749984    
 f_L =    7.9398420982767948E-002  sr^-1
 A_w  =    1.0000000000000000     
 A_hL =   0.24943749606609347     
 A_gL =   0.16629166404406229     
 A_BL =   0.24943749606609347     
 alpha =    10.000000000000050       deg
 
 T_eq =    300.00000000000000       K
 B_thermal =    1.5019127357874169E-023  W m^-2 sr^-1 m^-1
 Phi_thermal =    4.7183980170826971E-023  W m^-2 m^-1
 
 # at observer location:
 d2 =    1.0000000000000000       au
 omega =    4.4683704995197134E-023  sr
 Phi_nu_cal =    3.6554413170060464E-023  W m^-2 Hz^-1
 Phi_lambda_cal =    3.6894999999999997E-002  W m^-2 m^-1
 Phi_V_cal =    3.1360749999999994E-009  W m^-2
 
 hatu =   -6.9966923604683151E-002 -0.99754931186447937        0.0000000000000000     
 hatv =   0.15892866075174197       -1.1147067451360633E-002  0.98722713884844771     
 hatw =  -0.98480775301220791        6.9073245804279398E-002  0.15931910218522910     
 hatu =    1.3671597157788465E-016 -0.91748214306524178       0.39777696911260602     
 hatv =   -5.3766390668211396E-017  0.39777696911260602       0.91748214306524178     
 hatw =   -1.0000000000000000       -0.0000000000000000       -0.0000000000000000     
 Phi_V =    9.9288306124335696E-022  W m^-2
 V0 =    31.248720846938312       mag
 no =            1
 cpu_time =    1.0441000000000006E-002  s
 # at stellar surface:
 T_star =    5770.0000000000000       K
 lambda_eff =    5.4499999999999997E-007  m
 Delta_eff =    8.4999999999999994E-008  m
 B_lambda =    25787426860835.297       W m^-2 sr^-1 m^-1
 Phi_lambda =    81013590780984.266       W m^-2 m^-1
 J_lambda =    3.9210455607474307E+031  W sr^-1 m^-1
 P_lambda =    4.9273311712139995E+032  W m^-1
 P_V =    4.1882314955318997E+025  W
 
 # at asteroid surface:
 lite =   -5.7755183314369954E-003  d
 d1 =    1.0000000000000000       au
 Phi_lambda =    1752068431.0916550       W m^-2 m^-1
 Phi_V =    148.92581664279066       W m^-2
 reflectance =   0.997749984    
 f_L =    7.9398420982767948E-002  sr^-1
 A_w  =    1.0000000000000000     
 A_hL =   0.24943749606609347     
 A_gL =   0.16629166404406229     
 A_BL =   0.24943749606609347     
 alpha =    10.000000000000050       deg
 
 T_eq =    300.00000000000000       K
 B_thermal =    1.5019127357874169E-023  W m^-2 sr^-1 m^-1
 Phi_thermal =    4.7183980170826971E-023  W m^-2 m^-1
 
 # at observer location:
 d2 =    1.0000000000000000       au
 omega =    4.4683704995197134E-023  sr
 Phi_nu_cal =    3.6554413170060464E-023  W m^-2 Hz^-1
 Phi_lambda_cal =    3.6894999999999997E-002  W m^-2 m^-1
 Phi_V_cal =    3.1360749999999994E-009  W m^-2
 
 hatu =   -6.9966923604683151E-002 -0.99754931186447937        0.0000000000000000     
 hatv =   0.15892866075174197       -1.1147067451360633E-002  0.98722713884844771     
 hatw =  -0.98480775301220791        6.9073245804279398E-002  0.15931910218522910     
 hatu =    1.3671597157788465E-016 -0.91748214306524178       0.39777696911260602     
 hatv =   -5.3766390668211396E-017  0.39777696911260602       0.91748214306524178     
 hatw =   -1.0000000000000000       -0.0000000000000000       -0.0000000000000000     
 Phi_V =    9.9287290931741119E-022  W m^-2
 V0 =    31.248731948316038       mag
 no =            2
 cpu_time =    1.0327000000000003E-002  s
 # at stellar surface:
 T_star =    5770.0000000000000       K
 lambda_eff =    5.4499999999999997E-007  m
 Delta_eff =    8.4999999999999994E-008  m
 B_lambda =    25787426860835.297       W m^-2 sr^-1 m^-1
 Phi_lambda =    81013590780984.266       W m^-2 m^-1
 J_lambda =    3.9210455607474307E+031  W sr^-1 m^-1
 P_lambda =    4.9273311712139995E+032  W m^-1
 P_V =    4.1882314955318997E+025  W
 
 # at asteroid surface:
 lite =   -5.7755183314369954E-003  d
 d1 =    1.0000000000000000       au
 Phi_lambda =    1752068431.0916550       W m^-2 m^-1
 Phi_V =    148.92581664279066       W m^-2
 reflectance =   0.997749984    
 f_L =    7.9398420982767948E-002  sr^-1
 A_w  =    1.0000000000000000     
 A_hL =   0.24943749606609347     
 A_gL =   0.16629166404406229     
 A_BL =   0.24943749606609347     
 alpha =    10.000000000000050       deg
 
 T_eq =    300.00000000000000       K
 B_thermal =    1.5019127357874169E-023  W m^-2 sr^-1 m^-1
 Phi_thermal =    4.7183980170826971E-023  W m^-2 m^-1
 
 # at observer location:
 d2 =    1.0000000000000000       au
 omega =    4.4683704995197134E-023  sr
 Phi_nu_cal =    3.6554413170060464E-023  W m^-2 Hz^-1
 Phi_lambda_cal =    3.6894999999999997E-002  W m^-2 m^-1
 Phi_V_cal =    3.1360749999999994E-009  W m^-2
 
 hatu =   -6.9966923604683151E-002 -0.99754931186447937        0.0000000000000000     
 hatv =   0.15892866075174197       -1.1147067451360633E-002  0.98722713884844771     
 hatw =  -0.98480775301220791        6.9073245804279398E-002  0.15931910218522910     
 hatu =    1.3671597157788465E-016 -0.91748214306524178       0.39777696911260602     
 hatv =   -5.3766390668211396E-017  0.39777696911260602       0.91748214306524178     
 hatw =   -1.0000000000000000       -0.0000000000000000       -0.0000000000000000     
 Phi_V =    9.9287985597020893E-022  W m^-2
 V0 =    31.248724351970129       mag
 no =            3
 cpu_time =    1.0169000000000011E-002  s
 # at stellar surface:
 T_star =    5770.0000000000000       K
 lambda_eff =    5.4499999999999997E-007  m
 Delta_eff =    8.4999999999999994E-008  m
 B_lambda =    25787426860835.297       W m^-2 sr^-1 m^-1
 Phi_lambda =    81013590780984.266       W m^-2 m^-1
 J_lambda =    3.9210455607474307E+031  W sr^-1 m^-1
 P_lambda =    4.9273311712139995E+032  W m^-1
 P_V =    4.1882314955318997E+025  W
 
 # at asteroid surface:
 lite =   -5.7755183314369954E-003  d
 d1 =    1.0000000000000000       au
 Phi_lambda =    1752068431.0916550       W m^-2 m^-1
 Phi_V =    148.92581664279066       W m^-2
 reflectance =   0.997749984    
 f_L =    7.9398420982767948E-002  sr^-1
 A_w  =    1.0000000000000000     
 A_hL =   0.24943749606609347     
 A_gL =   0.16629166404406229     
 A_BL =   0.24943749606609347     
 alpha =    10.000000000000050       deg
 
 T_eq =    300.00000000000000       K
 B_thermal =    1.5019127357874169E-023  W m^-2 sr^-1 m^-1
 Phi_thermal =    4.7183980170826971E-023  W m^-2 m^-1
 
 # at observer location:
 d2 =    1.0000000000000000       au
 omega =    4.4683704995197134E-023  sr
 Phi_nu_cal =    3.6554413170060464E-023  W m^-2 Hz^-1
 Phi_lambda_cal =    3.6894999999999997E-002  W m^-2 m^-1
 Phi_V_cal =    3.1360749999999994E-009  W m^-2
 
 hatu =   -6.9966923604683151E-002 -0.99754931186447937        0.0000000000000000     
 hatv =   0.15892866075174197       -1.1147067451360633E-002  0.98722713884844771     
 hatw =  -0.98480775301220791        6.9073245804279398E-002  0.15931910218522910     
 hatu =    1.3671597157788465E-016 -0.91748214306524178       0.39777696911260602     
 hatv =   -5.3766390668211396E-017  0.39777696911260602       0.91748214306524178     
 hatw =   -1.0000000000000000       -0.0000000000000000       -0.0000000000000000     
 Phi_V =    9.9289779407934698E-022  W m^-2
 V0 =    31.248704736426024       mag
 no =            4
 cpu_time =    9.9640000000000006E-003  s
 # at stellar surface:
 T_star =    5770.0000000000000       K
 lambda_eff =    5.4499999999999997E-007  m
 Delta_eff =    8.4999999999999994E-008  m
 B_lambda =    25787426860835.297       W m^-2 sr^-1 m^-1
 Phi_lambda =    81013590780984.266       W m^-2 m^-1
 J_lambda =    3.9210455607474307E+031  W sr^-1 m^-1
 P_lambda =    4.9273311712139995E+032  W m^-1
 P_V =    4.1882314955318997E+025  W
 
 # at asteroid surface:
 lite =   -5.7755183314369954E-003  d
 d1 =    1.0000000000000000       au
 Phi_lambda =    1752068431.0916550       W m^-2 m^-1
 Phi_V =    148.92581664279066       W m^-2
 reflectance =   0.997749984    
 f_L =    7.9398420982767948E-002  sr^-1
 A_w  =    1.0000000000000000     
 A_hL =   0.24943749606609347     
 A_gL =   0.16629166404406229     
 A_BL =   0.24943749606609347     
 alpha =    10.000000000000050       deg
 
 T_eq =    300.00000000000000       K
 B_thermal =    1.5019127357874169E-023  W m^-2 sr^-1 m^-1
 Phi_thermal =    4.7183980170826971E-023  W m^-2 m^-1
 
 # at observer location:
 d2 =    1.0000000000000000       au
 omega =    4.4683704995197134E-023  sr
 Phi_nu_cal =    3.6554413170060464E-023  W m^-2 Hz^-1
 Phi_lambda_cal =    3.6894999999999997E-002  W m^-2 m^-1
 Phi_V_cal =    3.1360749999999994E-009  W m^-2
 
 hatu =   -6.9966923604683151E-002 -0.99754931186447937        0.0000000000000000     
 hatv =   0.15892866075174197       -1.1147067451360633E-002  0.98722713884844771     
 hatw =  -0.98480775301220791        6.9073245804279398E-002  0.15931910218522910     
 hatu =    1.3671597157788465E-016 -0.91748214306524178       0.39777696911260602     
 hatv =   -5.3766390668211396E-017  0.39777696911260602       0.91748214306524178     
 hatw =   -1.0000000000000000       -0.0000000000000000       -0.0000000000000000     
 Phi_V =    9.9292660643530017E-022  W m^-2
 V0 =    31.248673230500330       mag
 no =            5
 cpu_time =    1.0186000000000001E-002  s
 # at stellar surface:
 T_star =    5770.0000000000000       K
 lambda_eff =    5.4499999999999997E-007  m
 Delta_eff =    8.4999999999999994E-008  m
 B_lambda =    25787426860835.297       W m^-2 sr^-1 m^-1
 Phi_lambda =    81013590780984.266       W m^-2 m^-1
 J_lambda =    3.9210455607474307E+031  W sr^-1 m^-1
 P_lambda =    4.9273311712139995E+032  W m^-1
 P_V =    4.1882314955318997E+025  W
 
 # at asteroid surface:
 lite =   -5.7755183314369954E-003  d
 d1 =    1.0000000000000000       au
 Phi_lambda =    1752068431.0916550       W m^-2 m^-1
 Phi_V =    148.92581664279066       W m^-2
 reflectance =   0.997749984    
 f_L =    7.9398420982767948E-002  sr^-1
 A_w  =    1.0000000000000000     
 A_hL =   0.24943749606609347     
 A_gL =   0.16629166404406229     
 A_BL =   0.24943749606609347     
 alpha =    10.000000000000050       deg
 
 T_eq =    300.00000000000000       K
 B_thermal =    1.5019127357874169E-023  W m^-2 sr^-1 m^-1
 Phi_thermal =    4.7183980170826971E-023  W m^-2 m^-1
 
 # at observer location:
 d2 =    1.0000000000000000       au
 omega =    4.4683704995197134E-023  sr
 Phi_nu_cal =    3.6554413170060464E-023  W m^-2 Hz^-1
 Phi_lambda_cal =    3.6894999999999997E-002  W m^-2 m^-1
 Phi_V_cal =    3.1360749999999994E-009  W m^-2
 
 hatu =   -6.9966923604683151E-002 -0.99754931186447937        0.0000000000000000     
 hatv =   0.15892866075174197       -1.1147067451360633E-002  0.98722713884844771     
 hatw =  -0.98480775301220791        6.9073245804279398E-002  0.15931910218522910     
 hatu =    1.3671597157788465E-016 -0.91748214306524178       0.39777696911260602     
 hatv =   -5.3766390668211396E-017  0.39777696911260602       0.91748214306524178     
 hatw =   -1.0000000000000000       -0.0000000000000000       -0.0000000000000000     
 Phi_V =    9.9296451819026926E-022  W m^-2
 V0 =    31.248631775896449       mag
 no =            6
 cpu_time =    9.9640000000000284E-003  s
 # at stellar surface:
 T_star =    5770.0000000000000       K
 lambda_eff =    5.4499999999999997E-007  m
 Delta_eff =    8.4999999999999994E-008  m
 B_lambda =    25787426860835.297       W m^-2 sr^-1 m^-1
 Phi_lambda =    81013590780984.266       W m^-2 m^-1
 J_lambda =    3.9210455607474307E+031  W sr^-1 m^-1
 P_lambda =    4.9273311712139995E+032  W m^-1
 P_V =    4.1882314955318997E+025  W
 
 # at asteroid surface:
 lite =   -5.7755183314369954E-003  d
 d1 =    1.0000000000000000       au
 Phi_lambda =    1752068431.0916550       W m^-2 m^-1
 Phi_V =    148.92581664279066       W m^-2
 reflectance =   0.997749984    
 f_L =    7.9398420982767948E-002  sr^-1
 A_w  =    1.0000000000000000     
 A_hL =   0.24943749606609347     
 A_gL =   0.16629166404406229     
 A_BL =   0.24943749606609347     
 alpha =    10.000000000000050       deg
 
 T_eq =    300.00000000000000       K
 B_thermal =    1.5019127357874169E-023  W m^-2 sr^-1 m^-1
 Phi_thermal =    4.7183980170826971E-023  W m^-2 m^-1
 
 # at observer location:
 d2 =    1.0000000000000000       au
 omega =    4.4683704995197134E-023  sr
 Phi_nu_cal =    3.6554413170060464E-023  W m^-2 Hz^-1
 Phi_lambda_cal =    3.6894999999999997E-002  W m^-2 m^-1
 Phi_V_cal =    3.1360749999999994E-009  W m^-2
 
 hatu =   -6.9966923604683151E-002 -0.99754931186447937        0.0000000000000000     
 hatv =   0.15892866075174197       -1.1147067451360633E-002  0.98722713884844771     
 hatw =  -0.98480775301220791        6.9073245804279398E-002  0.15931910218522910     
 hatu =    1.3671597157788465E-016 -0.91748214306524178       0.39777696911260602     
 hatv =   -5.3766390668211396E-017  0.39777696911260602       0.91748214306524178     
 hatw =   -1.0000000000000000       -0.0000000000000000       -0.0000000000000000     
 Phi_V =    9.9300618406871910E-022  W m^-2
 V0 =    31.248586218172267       mag
 no =            7
 cpu_time =    1.0180000000000022E-002  s
 # at stellar surface:
 T_star =    5770.0000000000000       K
 lambda_eff =    5.4499999999999997E-007  m
 Delta_eff =    8.4999999999999994E-008  m
 B_lambda =    25787426860835.297       W m^-2 sr^-1 m^-1
 Phi_lambda =    81013590780984.266       W m^-2 m^-1
 J_lambda =    3.9210455607474307E+031  W sr^-1 m^-1
 P_lambda =    4.9273311712139995E+032  W m^-1
 P_V =    4.1882314955318997E+025  W
 
 # at asteroid surface:
 lite =   -5.7755183314369954E-003  d
 d1 =    1.0000000000000000       au
 Phi_lambda =    1752068431.0916550       W m^-2 m^-1
 Phi_V =    148.92581664279066       W m^-2
 reflectance =   0.997749984    
 f_L =    7.9398420982767948E-002  sr^-1
 A_w  =    1.0000000000000000     
 A_hL =   0.24943749606609347     
 A_gL =   0.16629166404406229     
 A_BL =   0.24943749606609347     
 alpha =    10.000000000000050       deg
 
 T_eq =    300.00000000000000       K
 B_thermal =    1.5019127357874169E-023  W m^-2 sr^-1 m^-1
 Phi_thermal =    4.7183980170826971E-023  W m^-2 m^-1
 
 # at observer location:
 d2 =    1.0000000000000000       au
 omega =    4.4683704995197134E-023  sr
 Phi_nu_cal =    3.6554413170060464E-023  W m^-2 Hz^-1
 Phi_lambda_cal =    3.6894999999999997E-002  W m^-2 m^-1
 Phi_V_cal =    3.1360749999999994E-009  W m^-2
 
 hatu =   -6.9966923604683151E-002 -0.99754931186447937        0.0000000000000000     
 hatv =   0.15892866075174197       -1.1147067451360633E-002  0.98722713884844771     
 hatw =  -0.98480775301220791        6.9073245804279398E-002  0.15931910218522910     
 hatu =    1.3671597157788465E-016 -0.91748214306524178       0.39777696911260602     
 hatv =   -5.3766390668211396E-017  0.39777696911260602       0.91748214306524178     
 hatw =   -1.0000000000000000       -0.0000000000000000       -0.0000000000000000     
 Phi_V =    9.9305077242100494E-022  W m^-2
 V0 =    31.248537467114815       mag
 no =            8
 cpu_time =    1.0054999999999981E-002  s
 # at stellar surface:
 T_star =    5770.0000000000000       K
 lambda_eff =    5.4499999999999997E-007  m
 Delta_eff =    8.4999999999999994E-008  m
 B_lambda =    25787426860835.297       W m^-2 sr^-1 m^-1
 Phi_lambda =    81013590780984.266       W m^-2 m^-1
 J_lambda =    3.9210455607474307E+031  W sr^-1 m^-1
 P_lambda =    4.9273311712139995E+032  W m^-1
 P_V =    4.1882314955318997E+025  W
 
 # at asteroid surface:
 lite =   -5.7755183314369954E-003  d
 d1 =    1.0000000000000000       au
 Phi_lambda =    1752068431.0916550       W m^-2 m^-1
 Phi_V =    148.92581664279066       W m^-2
 reflectance =   0.997749984    
 f_L =    7.9398420982767948E-002  sr^-1
 A_w  =    1.0000000000000000     
 A_hL =   0.24943749606609347     
 A_gL =   0.16629166404406229     
 A_BL =   0.24943749606609347     
 alpha =    10.000000000000050       deg
 
 T_eq =    300.00000000000000       K
 B_thermal =    1.5019127357874169E-023  W m^-2 sr^-1 m^-1
 Phi_thermal =    4.7183980170826971E-023  W m^-2 m^-1
 
 # at observer location:
 d2 =    1.0000000000000000       au
 omega =    4.4683704995197134E-023  sr
 Phi_nu_cal =    3.6554413170060464E-023  W m^-2 Hz^-1
 Phi_lambda_cal =    3.6894999999999997E-002  W m^-2 m^-1
 Phi_V_cal =    3.1360749999999994E-009  W m^-2
 
 hatu =   -6.9966923604683151E-002 -0.99754931186447937        0.0000000000000000     
 hatv =   0.15892866075174197       -1.1147067451360633E-002  0.98722713884844771     
 hatw =  -0.98480775301220791        6.9073245804279398E-002  0.15931910218522910     
 hatu =    1.3671597157788465E-016 -0.91748214306524178       0.39777696911260602     
 hatv =   -5.3766390668211396E-017  0.39777696911260602       0.91748214306524178     
 hatw =   -1.0000000000000000       -0.0000000000000000       -0.0000000000000000     
 Phi_V =    9.9309833561607511E-022  W m^-2
 V0 =    31.248485465900302       mag
 no =            9
 cpu_time =    1.0292999999999997E-002  s
 # at stellar surface:
 T_star =    5770.0000000000000       K
 lambda_eff =    5.4499999999999997E-007  m
 Delta_eff =    8.4999999999999994E-008  m
 B_lambda =    25787426860835.297       W m^-2 sr^-1 m^-1
 Phi_lambda =    81013590780984.266       W m^-2 m^-1
 J_lambda =    3.9210455607474307E+031  W sr^-1 m^-1
 P_lambda =    4.9273311712139995E+032  W m^-1
 P_V =    4.1882314955318997E+025  W
 
 # at asteroid surface:
 lite =   -5.7755183314369954E-003  d
 d1 =    1.0000000000000000       au
 Phi_lambda =    1752068431.0916550       W m^-2 m^-1
 Phi_V =    148.92581664279066       W m^-2
 reflectance =   0.997749984    
 f_L =    7.9398420982767948E-002  sr^-1
 A_w  =    1.0000000000000000     
 A_hL =   0.24943749606609347     
 A_gL =   0.16629166404406229     
 A_BL =   0.24943749606609347     
 alpha =    10.000000000000050       deg
 
 T_eq =    300.00000000000000       K
 B_thermal =    1.5019127357874169E-023  W m^-2 sr^-1 m^-1
 Phi_thermal =    4.7183980170826971E-023  W m^-2 m^-1
 
 # at observer location:
 d2 =    1.0000000000000000       au
 omega =    4.4683704995197134E-023  sr
 Phi_nu_cal =    3.6554413170060464E-023  W m^-2 Hz^-1
 Phi_lambda_cal =    3.6894999999999997E-002  W m^-2 m^-1
 Phi_V_cal =    3.1360749999999994E-009  W m^-2
 
 hatu =   -6.9966923604683151E-002 -0.99754931186447937        0.0000000000000000     
 hatv =   0.15892866075174197       -1.1147067451360633E-002  0.98722713884844771     
 hatw =  -0.98480775301220791        6.9073245804279398E-002  0.15931910218522910     
 hatu =    1.3671597157788465E-016 -0.91748214306524178       0.39777696911260602     
 hatv =   -5.3766390668211396E-017  0.39777696911260602       0.91748214306524178     
 hatw =   -1.0000000000000000       -0.0000000000000000       -0.0000000000000000     
 Phi_V =    9.9314749894018615E-022  W m^-2
 V0 =    31.248431717869703       mag
 no =           10
 cpu_time =    1.0019000000000000E-002  s
 # at stellar surface:
 T_star =    5770.0000000000000       K
 lambda_eff =    5.4499999999999997E-007  m
 Delta_eff =    8.4999999999999994E-008  m
 B_lambda =    25787426860835.297       W m^-2 sr^-1 m^-1
 Phi_lambda =    81013590780984.266       W m^-2 m^-1
 J_lambda =    3.9210455607474307E+031  W sr^-1 m^-1
 P_lambda =    4.9273311712139995E+032  W m^-1
 P_V =    4.1882314955318997E+025  W
 
 # at asteroid surface:
 lite =   -5.7755183314369954E-003  d
 d1 =    1.0000000000000000       au
 Phi_lambda =    1752068431.0916550       W m^-2 m^-1
 Phi_V =    148.92581664279066       W m^-2
 reflectance =   0.997749984    
 f_L =    7.9398420982767948E-002  sr^-1
 A_w  =    1.0000000000000000     
 A_hL =   0.24943749606609347     
 A_gL =   0.16629166404406229     
 A_BL =   0.24943749606609347     
 alpha =    10.000000000000050       deg
 
 T_eq =    300.00000000000000       K
 B_thermal =    1.5019127357874169E-023  W m^-2 sr^-1 m^-1
 Phi_thermal =    4.7183980170826971E-023  W m^-2 m^-1
 
 # at observer location:
 d2 =    1.0000000000000000       au
 omega =    4.4683704995197134E-023  sr
 Phi_nu_cal =    3.6554413170060464E-023  W m^-2 Hz^-1
 Phi_lambda_cal =    3.6894999999999997E-002  W m^-2 m^-1
 Phi_V_cal =    3.1360749999999994E-009  W m^-2
 
 hatu =   -6.9966923604683151E-002 -0.99754931186447937        0.0000000000000000     
 hatv =   0.15892866075174197       -1.1147067451360633E-002  0.98722713884844771     
 hatw =  -0.98480775301220791        6.9073245804279398E-002  0.15931910218522910     
 hatu =    1.3671597157788465E-016 -0.91748214306524178       0.39777696911260602     
 hatv =   -5.3766390668211396E-017  0.39777696911260602       0.91748214306524178     
 hatw =   -1.0000000000000000       -0.0000000000000000       -0.0000000000000000     
 Phi_V =    9.9319761927268668E-022  W m^-2
 V0 =    31.248376926324063       mag
 no =           11
 cpu_time =    9.9369999999999736E-003  s
 # at stellar surface:
 T_star =    5770.0000000000000       K
 lambda_eff =    5.4499999999999997E-007  m
 Delta_eff =    8.4999999999999994E-008  m
 B_lambda =    25787426860835.297       W m^-2 sr^-1 m^-1
 Phi_lambda =    81013590780984.266       W m^-2 m^-1
 J_lambda =    3.9210455607474307E+031  W sr^-1 m^-1
 P_lambda =    4.9273311712139995E+032  W m^-1
 P_V =    4.1882314955318997E+025  W
 
 # at asteroid surface:
 lite =   -5.7755183314369954E-003  d
 d1 =    1.0000000000000000       au
 Phi_lambda =    1752068431.0916550       W m^-2 m^-1
 Phi_V =    148.92581664279066       W m^-2
 reflectance =   0.997749984    
 f_L =    7.9398420982767948E-002  sr^-1
 A_w  =    1.0000000000000000     
 A_hL =   0.24943749606609347     
 A_gL =   0.16629166404406229     
 A_BL =   0.24943749606609347     
 alpha =    10.000000000000050       deg
 
 T_eq =    300.00000000000000       K
 B_thermal =    1.5019127357874169E-023  W m^-2 sr^-1 m^-1
 Phi_thermal =    4.7183980170826971E-023  W m^-2 m^-1
 
 # at observer location:
 d2 =    1.0000000000000000       au
 omega =    4.4683704995197134E-023  sr
 Phi_nu_cal =    3.6554413170060464E-023  W m^-2 Hz^-1
 Phi_lambda_cal =    3.6894999999999997E-002  W m^-2 m^-1
 Phi_V_cal =    3.1360749999999994E-009  W m^-2
 
 hatu =   -6.9966923604683151E-002 -0.99754931186447937        0.0000000000000000     
 hatv =   0.15892866075174197       -1.1147067451360633E-002  0.98722713884844771     
 hatw =  -0.98480775301220791        6.9073245804279398E-002  0.15931910218522910     
 hatu =    1.3671597157788465E-016 -0.91748214306524178       0.39777696911260602     
 hatv =   -5.3766390668211396E-017  0.39777696911260602       0.91748214306524178     
 hatw =   -1.0000000000000000       -0.0000000000000000       -0.0000000000000000     
 Phi_V =    9.9324833075843254E-022  W m^-2
 V0 =    31.248321491343734       mag
 no =           12
 cpu_time =    1.0170999999999986E-002  s
 # at stellar surface:
 T_star =    5770.0000000000000       K
 lambda_eff =    5.4499999999999997E-007  m
 Delta_eff =    8.4999999999999994E-008  m
 B_lambda =    25787426860835.297       W m^-2 sr^-1 m^-1
 Phi_lambda =    81013590780984.266       W m^-2 m^-1
 J_lambda =    3.9210455607474307E+031  W sr^-1 m^-1
 P_lambda =    4.9273311712139995E+032  W m^-1
 P_V =    4.1882314955318997E+025  W
 
 # at asteroid surface:
 lite =   -5.7755183314369954E-003  d
 d1 =    1.0000000000000000       au
 Phi_lambda =    1752068431.0916550       W m^-2 m^-1
 Phi_V =    148.92581664279066       W m^-2
 reflectance =   0.997749984    
 f_L =    7.9398420982767948E-002  sr^-1
 A_w  =    1.0000000000000000     
 A_hL =   0.24943749606609347     
 A_gL =   0.16629166404406229     
 A_BL =   0.24943749606609347     
 alpha =    10.000000000000050       deg
 
 T_eq =    300.00000000000000       K
 B_thermal =    1.5019127357874169E-023  W m^-2 sr^-1 m^-1
 Phi_thermal =    4.7183980170826971E-023  W m^-2 m^-1
 
 # at observer location:
 d2 =    1.0000000000000000       au
 omega =    4.4683704995197134E-023  sr
 Phi_nu_cal =    3.6554413170060464E-023  W m^-2 Hz^-1
 Phi_lambda_cal =    3.6894999999999997E-002  W m^-2 m^-1
 Phi_V_cal =    3.1360749999999994E-009  W m^-2
 
 hatu =   -6.9966923604683151E-002 -0.99754931186447937        0.0000000000000000     
 hatv =   0.15892866075174197       -1.1147067451360633E-002  0.98722713884844771     
 hatw =  -0.98480775301220791        6.9073245804279398E-002  0.15931910218522910     
 hatu =    1.3671597157788465E-016 -0.91748214306524178       0.39777696911260602     
 hatv =   -5.3766390668211396E-017  0.39777696911260602       0.91748214306524178     
 hatw =   -1.0000000000000000       -0.0000000000000000       -0.0000000000000000     
 Phi_V =    9.9329842907375517E-022  W m^-2
 V0 =    31.248266729426362       mag
 no =           13
 cpu_time =    1.0135000000000005E-002  s
 # at stellar surface:
 T_star =    5770.0000000000000       K
 lambda_eff =    5.4499999999999997E-007  m
 Delta_eff =    8.4999999999999994E-008  m
 B_lambda =    25787426860835.297       W m^-2 sr^-1 m^-1
 Phi_lambda =    81013590780984.266       W m^-2 m^-1
 J_lambda =    3.9210455607474307E+031  W sr^-1 m^-1
 P_lambda =    4.9273311712139995E+032  W m^-1
 P_V =    4.1882314955318997E+025  W
 
 # at asteroid surface:
 lite =   -5.7755183314369954E-003  d
 d1 =    1.0000000000000000       au
 Phi_lambda =    1752068431.0916550       W m^-2 m^-1
 Phi_V =    148.92581664279066       W m^-2
 reflectance =   0.997749984    
 f_L =    7.9398420982767948E-002  sr^-1
 A_w  =    1.0000000000000000     
 A_hL =   0.24943749606609347     
 A_gL =   0.16629166404406229     
 A_BL =   0.24943749606609347     
 alpha =    10.000000000000050       deg
 
 T_eq =    300.00000000000000       K
 B_thermal =    1.5019127357874169E-023  W m^-2 sr^-1 m^-1
 Phi_thermal =    4.7183980170826971E-023  W m^-2 m^-1
 
 # at observer location:
 d2 =    1.0000000000000000       au
 omega =    4.4683704995197134E-023  sr
 Phi_nu_cal =    3.6554413170060464E-023  W m^-2 Hz^-1
 Phi_lambda_cal =    3.6894999999999997E-002  W m^-2 m^-1
 Phi_V_cal =    3.1360749999999994E-009  W m^-2
 
 hatu =   -6.9966923604683151E-002 -0.99754931186447937        0.0000000000000000     
 hatv =   0.15892866075174197       -1.1147067451360633E-002  0.98722713884844771     
 hatw =  -0.98480775301220791        6.9073245804279398E-002  0.15931910218522910     
 hatu =    1.3671597157788465E-016 -0.91748214306524178       0.39777696911260602     
 hatv =   -5.3766390668211396E-017  0.39777696911260602       0.91748214306524178     
 hatw =   -1.0000000000000000       -0.0000000000000000       -0.0000000000000000     
 Phi_V =    9.9334570755708105E-022  W m^-2
 V0 =    31.248215052369446       mag
 no =           14
 cpu_time =    1.0220999999999980E-002  s
 # at stellar surface:
 T_star =    5770.0000000000000       K
 lambda_eff =    5.4499999999999997E-007  m
 Delta_eff =    8.4999999999999994E-008  m
 B_lambda =    25787426860835.297       W m^-2 sr^-1 m^-1
 Phi_lambda =    81013590780984.266       W m^-2 m^-1
 J_lambda =    3.9210455607474307E+031  W sr^-1 m^-1
 P_lambda =    4.9273311712139995E+032  W m^-1
 P_V =    4.1882314955318997E+025  W
 
 # at asteroid surface:
 lite =   -5.7755183314369954E-003  d
 d1 =    1.0000000000000000       au
 Phi_lambda =    1752068431.0916550       W m^-2 m^-1
 Phi_V =    148.92581664279066       W m^-2
 reflectance =   0.997749984    
 f_L =    7.9398420982767948E-002  sr^-1
 A_w  =    1.0000000000000000     
 A_hL =   0.24943749606609347     
 A_gL =   0.16629166404406229     
 A_BL =   0.24943749606609347     
 alpha =    10.000000000000050       deg
 
 T_eq =    300.00000000000000       K
 B_thermal =    1.5019127357874169E-023  W m^-2 sr^-1 m^-1
 Phi_thermal =    4.7183980170826971E-023  W m^-2 m^-1
 
 # at observer location:
 d2 =    1.0000000000000000       au
 omega =    4.4683704995197134E-023  sr
 Phi_nu_cal =    3.6554413170060464E-023  W m^-2 Hz^-1
 Phi_lambda_cal =    3.6894999999999997E-002  W m^-2 m^-1
 Phi_V_cal =    3.1360749999999994E-009  W m^-2
 
 hatu =   -6.9966923604683151E-002 -0.99754931186447937        0.0000000000000000     
 hatv =   0.15892866075174197       -1.1147067451360633E-002  0.98722713884844771     
 hatw =  -0.98480775301220791        6.9073245804279398E-002  0.15931910218522910     
