lambda_eff =  6.390220325829554e-07  m
Delta_eff =  3.173239442680078e-07  m
